//
NA /import/bc2/home/nimwegen/GROUP/hseq_pipeline/severin/Anduril/Pipeline/PipeLineSource/TESTRUN/RAD21/OUTPUT/RAD21_FgBg-runmotevoPG1_1/Logo
P0	A	C	G	T	cons	inf
01	460.373	8.320	38.532	18.142	A	1.270
02	4.407	0.000	518.896	2.064	G	1.868
03	257.802	0.000	265.587	1.978	R	0.943
04	26.654	12.760	223.520	262.433	K	0.602
05	3.981	0.000	517.040	4.346	G	1.841
06	43.606	7.937	420.986	52.838	G	0.997
07	52.433	409.568	4.531	58.835	C	0.951
08	290.658	7.727	223.479	3.503	A	0.841
09	49.373	228.731	225.048	22.214	S	0.416
10	47.514	214.840	47.083	215.930	Y	0.295
//
