//
NA /import/bc2/home/nimwegen/GROUP/hseq_pipeline/severin/Anduril/Pipeline/PipeLineSource/TESTRUN/RAD21/OUTPUT/RAD21_FgBg-phylogibbs2/Logo1
PO         A          C          G          T       cons         inf
01     42.14     166.37     149.09     291.76          B        0.23
02    261.91      68.44     283.29      64.44          R        0.29
03     31.42     258.73     243.62      76.51          S        0.35
04      2.94     256.05       4.95     362.57          T        0.92
05     66.99      12.12     448.26      63.98          G        0.88
06     67.55     435.84      21.40      38.59          C        0.90
07      0.98     500.25       0.98       9.08          C        1.83
08    292.47     250.90      16.20      10.17          A        0.74
09      0.01     322.74       0.01     300.29          C        1.00
10      1.93     503.22       0.01       3.06          C        1.91
11     16.83      44.72      12.03     475.29          T        1.25
12    233.30      56.90     283.96      95.03          R        0.24
13      8.64     159.75     380.64       7.12          G        0.93
14     22.59      79.43       4.33     473.25          T        1.13
15      0.01       0.98     502.87       0.01          G        1.98
16     43.92      32.88     446.51      54.76          G        0.87
17    104.81     305.40      49.05     226.24          Y        0.27
18    152.87     322.12     112.08     166.38          N        0.12
19    339.13     100.20     219.60     115.08          N        0.17
20    202.85     204.94     181.27     193.87          N        0.00
//
