//
NA /import/bc2/home/nimwegen/GROUP/hseq_pipeline/severin/Anduril/Pipeline/PipeLineSource/TESTRUN/RAD21/OUTPUT/RAD21_FgBg-runmotevoPG2_1/Logo
P0	A	C	G	T	cons	inf
01	25.564	124.495	124.674	206.378	B	0.215
02	198.830	42.258	194.379	45.644	R	0.288
03	22.946	201.338	216.647	40.181	S	0.421
04	8.708	215.044	6.019	251.340	T	0.781
05	51.031	4.994	379.246	45.840	G	0.968
06	50.947	384.193	11.751	34.221	C	0.969
07	2.407	476.705	0.000	1.999	C	1.888
08	240.431	212.394	8.691	19.596	M	0.660
09	1.419	266.478	1.966	211.248	C	0.923
10	0.000	478.265	0.000	2.846	C	1.919
11	15.816	27.932	9.206	428.157	T	1.314
12	153.012	25.620	237.045	65.435	R	0.328
13	9.232	139.833	326.614	5.432	G	0.894
14	36.149	32.683	5.985	406.295	T	1.145
15	1.939	0.896	477.282	0.994	G	1.894
16	29.922	25.775	383.501	41.914	G	0.931
17	74.914	223.550	37.254	145.393	Y	0.235
18	84.516	223.405	69.131	104.060	N	0.139
19	247.500	61.242	103.829	68.540	A	0.224
20	142.100	120.712	95.069	123.230	N	-0.012
//
