//
NA /import/bc2/home/nimwegen/GROUP/hseq_pipeline/severin/Anduril/Pipeline/PipeLineBAM/TESTRUN/nfinalpipetest_CTCF/OUTPUT/CTCF_FgBg-phylogibbs2/Logo1
PO         A          C          G          T       cons         inf
01	25.55	176.27	247.54	46.75	S	0.43
02	6.82	271.33	0.01	240.23	C	0.91
03	56.29	6.46	390.61	48.33	G	0.96
04	34.05	395.65	12.67	45.17	C	1.03
05	3.98	419.32	0.01	11.79	C	1.75
06	158.00	278.31	21.24	16.52	C	0.65
07	0.96	288.52	1.00	227.29	C	0.97
08	0.97	423.33	0.97	6.53	C	1.84
09	13.69	38.12	15.08	406.65	T	1.21
10	144.80	47.93	286.69	68.80	G	0.32
11	15.45	151.20	296.41	11.47	G	0.76
12	29.42	133.06	0.97	364.64	T	0.88
13	9.76	0.01	420.23	0.01	G	1.84
14	33.43	20.79	381.23	32.19	G	1.02
15	61.36	287.26	35.60	169.82	C	0.38
//
