//
NA /import/bc2/home/nimwegen/GROUP/hseq_pipeline/severin/Anduril/Pipeline/PipeLineBAM/TESTRUN/nfinalpipetest_CTCF/OUTPUT/CTCF_FgBg-runmotevoPG2_1/Logo
P0	A	C	G	T	cons	inf
01	10.193	123.983	117.348	127.499	B	0.248
02	137.573	50.417	149.606	41.426	R	0.172
03	13.159	127.308	220.727	17.829	G	0.609
04	5.173	234.688	0.000	139.161	C	0.923
05	21.863	0.999	324.033	32.126	G	1.213
06	15.261	337.247	5.691	20.823	C	1.310
07	1.480	375.012	0.000	2.530	C	1.872
08	114.796	239.213	13.186	11.828	C	0.702
09	2.082	241.637	0.000	135.303	C	0.981
10	0.000	378.053	0.000	0.969	C	1.939
11	7.218	16.150	11.069	344.585	T	1.391
12	85.150	29.661	233.670	30.542	G	0.473
13	5.171	128.029	237.365	8.457	G	0.809
14	34.958	71.540	1.393	271.131	T	0.821
15	0.000	0.000	379.022	0.000	G	1.964
16	4.137	14.170	343.018	17.697	G	1.383
17	40.828	224.365	26.054	87.775	C	0.420
//
