//
NA /import/bc2/home/nimwegen/GROUP/hseq_pipeline/severin/Anduril/Pipeline/PipeLine140113/COMPONENTS/WMcomparison/execute/WMcomparison/intermediate/WM10
P0	A	C	G	T
1	0.131186051582	0.370759228251	0.221641221008	0.276413499159	
2	0.442822878254	0.0958325505109	0.425658839357	0.0356857318784	
3	0.297208306649	0.0949219623176	0.487218166783	0.120651564251	
4	0.0	1.0	0.0	0.0	
5	0.0	1.0	0.0	0.0	
6	1.0	0.0	0.0	0.0	
7	1.0	0.0	0.0	0.0	
8	0.0	0.0133749314317	0.0	0.986625068568	
9	0.178155757208	0.435820674466	0.340682036042	0.0453415322841	
10	0.473177454745	0.0764083927592	0.450026055952	0.000388096544158	
//
