//
NA /import/bc2/home/nimwegen/GROUP/hseq_pipeline/severin/Anduril/Pipeline/PipeLine140113/COMPONENTS/WMcomparison/execute/WMcomparison/intermediate/WM5
PO         A          C          G          T       cons         inf
01     85.55     181.03     120.44     157.56          N        0.05
02    221.92      37.80     204.59      10.68          R        0.55
03    217.41      24.68     264.35      22.84          R        0.57
04      0.00     353.58       0.00       1.95          C        1.95
05      1.96     352.57       0.97       0.97          C        1.90
06    354.05       0.00       0.00       0.00          A        2.00
07    346.89       0.00      20.30       1.94          A        1.65
08      0.00       7.84       0.97     351.42          T        1.82
09    114.82     139.22     189.28      29.62          V        0.21
10    241.30      13.43     200.48       0.00          A        0.84
11    134.39      73.33     253.50      29.47          G        0.34
12    250.80      90.92      99.08      31.93          A        0.32
13    230.31      30.02     192.34      33.50          R        0.45
14    128.51     134.81     180.12      83.73          N        0.05
15    102.04     166.33     134.73     123.47          N        0.02
16    122.12     162.02     144.96      86.01          N        0.04
17    147.10      75.83     205.11      61.08          V        0.16
18    108.83     112.43     227.39      41.23          V        0.22
19    162.75      95.28     188.02      71.49          N        0.10
20    166.10      46.65     176.00     108.29          D        0.14
//
