//
NA /import/bc2/home/nimwegen/GROUP/hseq_pipeline/severin/Anduril/Pipeline/PipeLineSource/COMPONENTS/CreateLogo/execute/CreateLogo/Logo
P0	A	C	G	T	cons	inf
01	31.343	100.060	57.697	72.277	B	0.065
02	59.770	85.103	52.746	63.759	N	-0.020
03	49.741	85.687	56.071	69.878	N	-0.012
04	77.107	58.397	71.111	54.762	N	-0.030
05	79.848	28.526	91.400	61.603	D	0.064
06	10.099	76.343	130.854	44.081	S	0.324
07	4.836	17.243	3.432	235.866	T	1.375
08	0.000	261.377	0.000	0.000	C	1.951
09	0.000	238.591	0.000	22.785	C	1.526
10	0.000	256.247	0.000	5.130	C	1.813
11	33.197	168.126	8.262	51.792	C	0.549
12	130.317	4.582	18.121	108.358	W	0.560
13	3.395	0.680	256.840	0.461	G	1.811
14	55.773	1.658	201.701	2.245	G	1.087
15	2.693	0.464	258.220	0.000	G	1.852
16	172.390	7.007	73.025	8.955	A	0.740
17	40.738	102.269	90.184	28.186	V	0.133
18	40.211	87.101	33.116	100.949	N	0.105
19	56.591	62.202	61.553	81.031	N	-0.029
20	40.976	94.579	83.020	42.802	N	0.054
21	48.589	82.605	75.811	54.371	N	-0.009
22	43.740	74.257	56.088	87.292	N	0.004
//
