//
NA Logo
P0	A	C	G	T	cons	inf
01	15.752	30.392	20.192	32.398	N	-0.036
02	1.506	5.955	0.769	90.504	T	1.399
03	13.159	84.767	0.808	0.000	C	1.267
04	3.470	4.637	0.000	90.628	T	1.410
05	0.000	97.493	0.466	0.776	C	1.790
06	3.980	0.360	94.394	0.000	G	1.621
07	1.702	92.730	1.373	2.929	C	1.483
08	0.000	1.562	97.172	0.000	G	1.778
09	76.836	3.675	15.700	2.524	A	0.890
10	0.556	9.017	69.525	19.636	G	0.728
11	69.801	7.541	17.548	3.844	A	0.643
12	18.506	16.359	19.201	44.668	N	0.046
13	3.280	36.866	11.673	46.915	Y	0.338
14	6.357	23.034	10.628	58.715	T	0.369
15	13.929	28.134	48.572	8.100	S	0.192
//
