//
NA /import/bc2/home/nimwegen/GROUP/ENCODE.ChIPseq/GM12878_snyder_stanford/IggmusBG_E2F4-MXI1/OUTPUT/IRF3_FgBg-runmotevoPG3_2/Logo
P0	A	C	G	T	cons	inf
01	93.736	36.196	305.989	63.090	G	0.437
02	167.463	4.261	326.769	0.517	G	0.977
03	4.934	0.000	494.077	0.000	G	1.892
04	0.000	7.991	491.020	0.000	G	1.854
05	62.655	371.375	0.000	64.981	C	0.897
06	0.803	0.000	498.208	0.000	G	1.955
07	0.000	6.995	470.231	21.784	G	1.609
08	82.169	29.884	342.405	44.554	G	0.619
09	144.418	96.296	227.340	30.958	V	0.233
10	82.795	262.058	88.241	65.917	C	0.229
//
