//
NA /import/bc2/home/nimwegen/GROUP/ENCODE.ChIPseq/GM12878_snyder_stanford/IggmusBG_E2F4-MXI1/OUTPUT/IRF3_FgBg-phylogibbs4/Logo1
PO         A          C          G          T       cons         inf
01      2.00      55.00       6.00      23.00          C        0.68
02      1.00       2.00       3.00      80.00          T        1.53
03      0.00       6.00      76.00       4.00          G        1.37
04     85.00       0.00       1.00       0.00          A        1.91
05      0.00       0.00       0.00      86.00          T        2.00
06      0.00       0.00       0.00      86.00          T        2.00
07      1.00       0.00      85.00       0.00          G        1.91
08      0.00       0.00      86.00       0.00          G        2.00
09     42.00       8.00       6.00      30.00          W        0.38
10      0.00      38.00       7.00      41.00          Y        0.68
11     51.00       3.00      26.00       6.00          A        0.59
12     41.00       1.00      31.00      13.00          R        0.47
13     18.00      15.00      18.00      35.00          N        0.09
14     18.00       4.00      27.00      37.00          D        0.27
15      9.00      43.00       0.00      34.00          Y        0.63
16      2.00      19.00      17.00      48.00          T        0.46
17     10.00      32.00      13.00      31.00          B        0.17
18     39.00      20.00      14.00      13.00          N        0.15
19     29.00      22.00      19.00      16.00          N        0.04
20     11.00      33.00      38.00       4.00          S        0.36
//
