//
NA /import/bc2/home/nimwegen/GROUP/ENCODE.ChIPseq/GM12878_snyder_stanford/IggmusBG_E2F4-MXI1/OUTPUT/IRF3_FgBg-phylogibbs2/Logo2
PO         A          C          G          T       cons         inf
01     18.17      87.65      87.22      71.97          B        0.17
02    197.48       0.97      20.75       0.00          A        1.51
03      5.79      21.66       3.88     199.29          T        1.26
04     11.97       0.99       0.97     198.18          T        1.60
05     11.78       0.96     201.19       3.91          G        1.53
06      2.23       5.48     202.72       0.00          G        1.74
07     42.47     129.49      37.54      91.45          H        0.18
08     16.77     124.34      33.13     111.54          Y        0.35
09    119.52      66.77     107.14      48.85          N        0.08
10     95.77      69.16     100.25      68.98          N        0.02
11     76.79      94.97      82.27     102.26          N        0.01
12     85.17      78.94     100.04      66.03          N        0.02
13     51.48     106.45      70.47     109.14          N        0.06
14     79.56      67.00     117.19      51.42          N        0.07
15     70.45      85.03      97.07      49.35          N        0.04
16     37.23     152.02      31.53      44.60          C        0.34
17     17.04     113.72       5.27     134.38          Y        0.61
18     50.10       0.00     190.07       0.98          G        1.23
19      3.30      85.27       3.76     153.93          T        0.87
20      1.97     197.60       0.97      22.74          C        1.41
//
