//
NA /import/bc2/home/nimwegen/GROUP/ENCODE.ChIPseq/GM12878_snyder_stanford/IggmusBG_E2F4-MXI1/OUTPUT/IRF3_FgBg-phylogibbs3/Logo1
PO         A          C          G          T       cons         inf
01      0.00     111.00       0.00     154.00          T        1.02
02      0.00      76.00     122.00      67.00          B        0.47
03    265.00       0.00       0.00       0.00          A        2.00
04      0.00       0.00       0.00     265.00          T        2.00
05      0.00       0.00       0.00     265.00          T        2.00
06      0.00       0.00     265.00       0.00          G        2.00
07      0.00       0.00     265.00       0.00          G        2.00
08     55.00     126.00       0.00      84.00          Y        0.49
09      0.00      98.00       0.00     167.00          T        1.05
10    117.00       0.00     148.00       0.00          G        1.01
//
