#chrom	start	end	peakID	zscore	quality	summed_posterior
chr2	160568895	160568992	reg1000028.p1	8.788	0.0339610270968	1.045128
chr8	38089047	38089176	reg1000103.p1	5.85	0.0383164424994	1.625457
chr17	37617554	37617681	reg1000002.p1	16.899	0.0198109009784	4.084445
chr17	37617684	37617774	reg1000002.p2	9.721	0.037045960218	2.888368
chr9	130213693	130213793	reg1000019.p2	11.68	0.0226032353381	2.247323
chr20	30945807	30945916	reg1000065.p1	6.843	0.0281520609576	1.002252
chr9	123605208	123605345	reg1000071.p1	7.407	0.0290213625899	2.221906
chr2	176032849	176032954	reg1000079.p1	6.596	0.0287529068828	1.560399
chr10	51565091	51565196	reg1000012.p1	12.276	0.014813897828	2.928144
chr5	139493591	139493678	reg1000060.p1	6.389	0.051874832082	1.12067
chr1	167905736	167905849	reg1000093.p1	5.889	0.0314952778108	1.977461
chr19	8578995	8579125	reg1000139.p1	4.562	0.0473406111039	1.586654
chr1	111991907	111992054	reg1000064.p1	6.722	0.0332395056352	4.068582
chr6	35995397	35995530	reg1000020.p1	9.969	0.0455229511653	3.166988
chr3	49044728	49044855	reg1000160.p1	4.793	0.0286072625712	1.491565
chr8	42249071	42249185	reg1000043.p1	7.908	0.0475402393002	1.516611
chr4	140374846	140374961	reg1000135.p2	5.238	0.0579885133482	1.124109
chr15	78730343	78730515	reg1000022.p1	11.973	0.0249987151937	2.644822
chr13	31736531	31736638	reg1000099.p1	5.831	0.0285803683449	2.222006
chr1	207224340	207224432	reg1000122.p2	5.211	0.0363947824971	2.461204
chr1	41157245	41157373	reg1000106.p2	5.561	0.0565417792239	1.855254
chr16	87985013	87985103	reg1000045.p1	6.325	0.0465591798685	1.486243
chr16	87985106	87985186	reg1000045.p2	4.81	0.03449323173	1.691609
chr1	110577070	110577175	reg1000080.p1	6.261	0.0356611311588	3.481385
chr16	57481271	57481359	reg1000048.p1	7.081	0.0540198127591	1.062835
chr6	44355191	44355303	reg1000008.p1	13.619	0.0246171881363	2.259306
chr1	6614543	6614664	reg1000030.p1	10.245	0.0363511183944	1.282653
chr7	129845284	129845379	reg1000058.p1	6.491	0.0312514933513	2.26594
chr7	139044402	139044534	reg1000040.p1	9.838	0.0435635657885	1.439721
chr1	45987542	45987638	reg1000052.p1	7.994	0.0406910590798	1.961492
chr16	30709391	30709518	reg1000068.p1	7.824	0.0258456677536	1.565909
chr1	232941049	232941152	reg1000073.p1	6.506	0.0288560998113	2.271388
chr6	71122857	71122966	reg1000112.p2	5.719	0.0438758255981	2.932253
chr20	17949457	17949568	reg1000092.p1	5.469	0.0554810280851	1.655448
chr4	17812471	17812595	reg1000015.p2	12.594	0.0321571734905	2.167749
chr20	34330185	34330297	reg1000001.p1	14.635	0.0217990854964	2.874579
chr20	34330317	34330461	reg1000001.p2	12.71	0.0231892090741	3.055153
chr19	8386250	8386367	reg1000051.p1	8.569	0.0262519675616	1.042459
chr17	53046030	53046126	reg1000018.p1	11.436	0.0239893285468	2.214578
chr5	169010678	169010800	reg1000088.p1	6.142	0.0451402359552	2.680083
chr12	67662889	67662998	reg1000059.p2	7.593	0.0337549418627	3.336056
chr14	21572066	21572226	reg1000118.p2	4.693	0.0943175693466	1.395937
chr9	19380215	19380338	reg1000066.p1	7.566	0.0370835046169	1.801578
chr9	98637807	98637924	reg1000011.p1	12.274	0.019315113493	3.036177
chr2	120517235	120517339	reg1000024.p1	11.14	0.0370781335736	1.320363
chr15	76603783	76603871	reg1000102.p1	4.701	0.0365149535729	1.128674
chr12	125473635	125473749	reg1000149.p2	4.907	0.0363094552014	1.917233
chr13	42846073	42846148	reg1000046.p1	8.268	0.0622958406114	2.044927
chr12	123237292	123237404	reg1000005.p1	17.665	0.0315128286193	2.389624
chr8	33342562	33342668	reg1000124.p1	5.311	0.0522745744774	1.238643
chr5	132387583	132387703	reg1000147.p1	4.612	0.0477734397901	2.478011
chr14	71786954	71787069	reg1000100.p1	6.226	0.0321153792433	2.225376
chr17	78121066	78121151	reg1000105.p1	4.959	0.081450133637	1.926213
chr10	124768298	124768414	reg1000114.p1	6.292	0.0414446718343	1.225393
chr3	49131485	49131591	reg1000007.p1	15.054	0.0120930185584	2.32666
chr4	15683203	15683308	reg1000042.p1	9.173	0.027552775352	1.939685
chr9	136214968	136215088	reg1000128.p1	5.45	0.0252413709547	2.336464
chr10	70091675	70091799	reg1000026.p1	10.953	0.0258373059075	1.217238
chr19	4402467	4402569	reg1000063.p1	7.341	0.0246755622508	1.492196
chr12	49110745	49110849	reg1000127.p1	5.18	0.042945064342	2.752949
chrX	13752693	13752828	reg1000037.p1	9.136	0.0301044943771	2.607812
chr12	11324206	11324323	reg1000094.p1	6.139	0.0386242727419	1.903133
chr6	97731103	97731262	reg1000035.p1	10.535	0.0341523379045	2.666911
chr3	139108472	139108570	reg1000041.p1	8.119	0.0176401534574	1.884101
chr8	144911509	144911599	reg1000031.p1	8.239	0.01907059368	1.982646
chr1	104068511	104068632	reg1000120.p1	5.034	0.0424863192846	3.581187
chr15	85197491	85197595	reg1000061.p1	7.908	0.0202695350422	1.540286
chr10	102820488	102820609	reg1000096.p1	6.714	0.0367436774938	2.904868
chr1	19923371	19923493	reg1000076.p1	6.897	0.04092567322	2.364132
chr9	88555864	88555987	reg1000032.p1	10.034	0.0345709149656	1.86995
chr6	7313537	7313675	reg1000091.p1	6.44	0.0629115833279	1.628437
chr17	4167233	4167358	reg1000006.p1	16.729	0.0401816738725	2.070937
chr1	207226289	207226399	reg1000125.p1	4.646	0.0504557251128	2.933375
chr3	194304616	194304761	reg1000111.p1	6.728	0.0331720170144	0.784203
chr15	99791478	99791585	reg1000049.p1	8.673	0.0175920379419	2.020982
chr19	49999405	49999542	reg1000003.p1	18.848	0.0176430596685	2.496435
chr3	169684488	169684599	reg1000101.p1	5.333	0.0529790667914	1.44406
chr21	34144294	34144400	reg1000137.p1	5.076	0.117727766793	2.448667
chr5	127418750	127418866	reg1000145.p1	4.819	0.0402976409237	1.983763
chr9	6413099	6413209	reg1000017.p1	11.729	0.036770306891	1.586489
chr13	21750702	21750810	reg1000009.p1	14.42	0.030290989304	1.418433
chr12	49351276	49351389	reg1000016.p1	11.706	0.0258157006627	1.568509
chr2	207630253	207630354	reg1000117.p1	5.58	0.045648635179	2.45343
chr19	51014671	51014792	reg1000108.p1	5.899	0.0487460991562	1.988928
chr22	39916159	39916272	reg1000156.p1	4.632	0.0524714297055	1.905882
chr11	27528355	27528472	reg1000070.p1	6.46	0.0443778493226	1.745395
chr12	129308521	129308629	reg1000029.p1	10.257	0.0278184819047	1.307278
chr9	6681648	6681746	reg1000021.p1	10.544	0.0163646198179	1.661886
chr12	29534109	29534221	reg1000057.p1	7.939	0.0276271496523	3.384334
chr7	2272537	2272639	reg1000047.p1	7.988	0.0299015557377	1.811134
chr15	75315879	75315976	reg1000072.p2	6.164	0.0241394099001	1.944769
chr5	175788759	175788877	reg1000104.p1	6.046	0.0312277960438	1.991165
chr19	1095482	1095591	reg1000143.p1	4.85	0.0342642043106	1.981391
chr12	27091329	27091454	reg1000082.p2	5.479	0.0653041825593	1.427445
chr4	103749152	103749274	reg1000053.p1	7.664	0.0248920910485	2.641622
chrX	53711200	53711371	reg1000078.p2	6.22	0.0463091000239	2.958461
chr2	136743117	136743264	reg1000090.p1	6.142	0.0790802751266	1.981071
chr2	677384	677537	reg1000023.p1	11.635	0.0622123680236	4.050688
chr8	42698443	42698550	reg1000113.p1	5.455	0.0315011192526	1.504951
chr13	79980319	79980424	reg1000151.p2	4.673	0.0409181837977	2.481164
chr10	69609168	69609275	reg1000067.p1	7.336	0.0662002244081	1.867029
chr12	72057617	72057761	reg1000038.p1	8.76	0.0430544702642	2.479335
chr10	75385750	75385892	reg1000075.p1	6.963	0.0491596727173	3.306462
chr17	65713958	65714053	reg1000089.p1	5.132	0.0345914273841	2.082594
chr4	186064311	186064421	reg1000074.p1	6.537	0.0330782429813	0.851932
chr14	102414460	102414576	reg1000000.p1	23.033	0.0157106500661	1.366319
chr15	66648977	66649085	reg1000056.p1	8.455	0.0218482240611	1.879612
chr2	85555067	85555211	reg1000109.p1	6.057	0.0550190100379	1.148554
chr1	28052092	28052223	reg1000142.p1	4.686	0.0279857065622	1.701538
chr17	74553756	74553856	reg1000033.p1	9.26	0.0408807731508	2.104263
chr11	13484809	13484916	reg1000010.p1	13.525	0.0267158345613	1.564386
chr10	7829993	7830086	reg1000107.p1	4.783	0.0351130471202	1.013147
chr12	54020146	54020257	reg1000087.p2	5.758	0.0260857276362	1.385267
chr6	170102113	170102220	reg1000098.p2	5.483	0.0198350400951	1.538381
chr22	43010873	43011029	reg1000116.p1	6.226	0.0505468414571	1.855778
chr17	40714055	40714157	reg1000039.p1	8.282	0.0368637030616	1.609322
chr11	8704180	8704303	reg1000084.p1	6.382	0.0350211977804	1.736142
chr4	2965089	2965220	reg1000013.p1	12.36	0.0286921566128	1.694442
chr17	37607518	37607642	reg1000115.p1	5.459	0.0299505291348	2.916839
chr3	14220265	14220368	reg1000055.p1	8.237	0.0264517229765	2.689337
chr16	90088976	90089052	reg1000123.p1	4.587	0.0437089219116	1.57019
chr17	73257686	73257798	reg1000083.p1	5.908	0.0398636578359	1.354998
chr1	110881559	110881686	reg1000044.p2	7.61	0.0284061760357	2.534357
chr3	42642079	42642182	reg1000077.p2	5.577	0.0233698279457	1.981282
chr10	75118525	75118599	reg1000054.p1	7.703	0.0716697466084	2.157168
chr7	35840530	35840682	reg1000110.p1	6.094	0.0499833820909	1.984891
chr14	103800230	103800377	reg1000036.p1	10.101	0.0190538024954	1.098882
chr1	156252611	156252756	reg1000025.p1	11.763	0.0256518233256	3.005647
chr19	42364222	42364337	reg1000050.p1	8.665	0.0327220561678	2.053812
chr18	47018838	47018955	reg1000062.p1	8.461	0.0317852275691	2.987745
chrX	30907497	30907621	reg1000081.p1	6.515	0.0548773068445	1.693068
chr19	39936133	39936253	reg1000085.p2	6.448	0.0345634379731	2.145793
chr7	75677297	75677400	reg1000027.p1	9.409	0.0271883856164	1.625164
chr17	4843500	4843624	reg1000004.p1	17.638	0.023179111838	3.524745
chr1	78148325	78148425	reg1000034.p1	9.662	0.0278473387109	3.392982
chr5	138629304	138629399	reg1000069.p1	6.066	0.0234034398685	1.539454
chr6	52284964	52285064	reg1000095.p1	5.336	0.0620183892577	1.630177
chr5	176449608	176449727	reg1000133.p1	5.011	0.0619039296063	2.350829
chr2	55844930	55845043	reg1000014.p2	8.237	0.0377396023795	1.715222
chr2	55844800	55844913	reg1000014.p1	8.028	0.0284181038824	1.317368
chr17	55162333	55162456	reg1000086.p2	6.33	0.0592519298933	0.951141
