//
NA /import/bc2/home/nimwegen/GROUP/ENCODE.ChIPseq/GM12878_myers_hudsonAlpha/BG_8_third/OUTPUT/ATF3_FgBg-runmotevoPG2_1/Logo
P0	A	C	G	T	cons	inf
01	40.691	113.602	110.371	30.128	S	0.169
02	40.541	122.340	89.507	42.403	N	0.116
03	36.897	94.054	128.600	35.240	S	0.171
04	44.901	128.335	84.596	36.960	N	0.132
05	29.979	119.240	113.717	31.856	S	0.220
06	37.573	101.008	111.930	44.281	N	0.111
07	47.322	114.087	82.381	51.003	N	0.055
08	34.094	112.282	103.973	44.443	B	0.128
09	35.305	108.525	117.428	33.534	S	0.177
10	43.382	67.334	166.403	17.672	G	0.358
11	71.502	26.840	194.345	2.104	G	0.703
12	2.921	33.318	15.393	243.160	T	1.087
13	0.000	250.558	40.613	3.621	C	1.287
14	289.129	0.911	3.606	1.146	A	1.798
15	0.000	265.984	9.518	19.290	C	1.408
16	14.448	6.378	273.966	0.000	G	1.528
17	0.000	18.598	2.553	273.640	T	1.548
18	7.820	25.655	261.316	0.000	G	1.359
19	145.266	35.346	89.630	24.550	R	0.270
20	20.335	140.738	78.407	55.311	B	0.224
//
