//
NA /import/bc2/home/nimwegen/GROUP/ENCODE.ChIPseq/GM12878_snyder_stanford/IggmusBG_E2F4-MXI1/OUTPUT/IRF3_FgBg-runmotevoPG3_1/Logo
P0	A	C	G	T	cons	inf
01	0.283	328.159	55.717	345.041	Y	0.664
02	33.063	248.425	317.800	129.911	S	0.284
03	719.447	0.000	9.753	0.000	A	1.878
04	0.000	0.000	0.000	729.200	T	1.979
05	0.000	0.000	0.000	729.200	T	1.979
06	0.000	0.000	729.200	0.000	G	1.979
07	0.000	0.000	729.200	0.000	G	1.979
08	87.979	355.279	69.217	216.724	Y	0.265
09	26.022	310.390	69.881	322.906	Y	0.441
10	201.561	161.621	270.358	95.661	N	0.072
//
