//
NA /import/bc2/home/nimwegen/GROUP/ENCODE.ChIPseq/GM12878_snyder_stanford/IggmusBG_E2F4-MXI1/OUTPUT/IRF3_FgBg-runmotevoPG4_1/Logo
P0	A	C	G	T	cons	inf
01	48.910	380.290	136.627	156.762	C	0.298
02	4.701	311.612	50.792	355.486	Y	0.638
03	32.048	249.097	315.656	125.789	S	0.291
04	703.846	0.354	18.390	0.000	A	1.803
05	1.353	23.490	0.322	697.425	T	1.749
06	12.892	0.000	0.000	709.698	T	1.851
07	1.731	0.283	720.576	0.000	G	1.951
08	0.000	0.000	722.590	0.000	G	1.979
09	89.902	358.154	64.181	210.352	Y	0.277
10	22.654	312.605	71.568	315.763	Y	0.449
11	203.497	154.160	271.964	92.968	N	0.080
12	218.265	146.867	241.250	116.208	N	0.040
13	134.101	191.661	200.960	195.867	N	-0.002
14	167.817	140.746	273.660	140.367	N	0.043
15	82.963	251.750	211.813	176.063	B	0.077
16	120.934	188.130	265.124	148.402	N	0.044
17	128.860	234.719	219.217	139.793	N	0.030
18	154.714	262.661	188.331	116.884	N	0.044
19	132.925	239.218	172.865	177.582	N	0.013
20	148.908	190.965	295.224	87.492	V	0.108
//
