//
NA /import/bc2/home/nimwegen/GROUP/ENCODE.ChIPseq/GM12878_snyder_stanford/IggmusBG_E2F4-MXI1/OUTPUT/IRF3_FgBg-phylogibbs4/Logo2
PO         A          C          G          T       cons         inf
01     45.00      81.00      69.00      49.00          N        0.04
02     65.00      93.00      67.00      19.00          V        0.16
03     40.00      93.00      33.00      78.00          N        0.13
04     73.00      65.00      55.00      51.00          N        0.01
05     53.00      57.00      60.00      74.00          N        0.01
06     40.00      72.00      55.00      77.00          N        0.04
07    138.00       0.00     106.00       0.00          A        1.01
08     80.00       1.00     149.00      14.00          G        0.77
09      0.00     244.00       0.00       0.00          C        2.00
10      0.00     244.00       0.00       0.00          C        2.00
11    244.00       0.00       0.00       0.00          A        2.00
12    244.00       0.00       0.00       0.00          A        2.00
13      0.00       0.00       0.00     244.00          T        2.00
14     70.00      73.00      93.00       8.00          V        0.27
15    116.00       1.00     127.00       0.00          G        0.97
16     64.00      26.00     140.00      14.00          G        0.45
17    206.00      28.00       0.00      10.00          A        1.25
18    128.00      11.00      94.00      11.00          A        0.58
19     43.00      51.00     114.00      36.00          N        0.17
20     45.00      73.00      87.00      39.00          N        0.08
//
