//
NA /import/bc2/home/nimwegen/GROUP/ENCODE.ChIPseq/GM12878_snyder_stanford/IggmusBG_E2F4-MXI1/OUTPUT/IRF3_FgBg-runmotevoPG4_2/Logo
P0	A	C	G	T	cons	inf
01	146.927	269.765	184.069	116.709	N	0.052
02	175.967	211.352	247.310	82.841	V	0.075
03	139.056	276.714	136.760	164.940	N	0.049
04	193.106	201.899	189.424	133.041	N	-0.001
05	114.865	242.093	141.490	219.022	N	0.045
06	91.026	262.074	154.771	209.599	N	0.077
07	320.308	67.960	305.735	23.468	R	0.454
08	211.183	66.363	349.607	90.317	R	0.262
09	0.000	717.470	0.000	0.000	C	1.979
10	0.000	715.474	1.106	0.890	C	1.950
11	707.941	0.000	0.000	9.529	A	1.878
12	690.894	5.975	20.601	0.000	A	1.723
13	0.289	13.939	0.000	703.242	T	1.837
14	126.181	312.942	246.148	32.199	S	0.288
15	351.143	48.981	313.968	3.378	R	0.654
16	151.533	130.517	386.224	49.196	G	0.314
17	339.776	171.695	155.123	50.876	V	0.228
18	260.371	79.731	295.402	81.966	R	0.213
19	137.338	210.650	279.297	90.184	N	0.099
20	109.009	256.402	233.264	118.795	N	0.081
//
