//
NA IRF1,2,7.p3
POS	A	C	G	T	CONS	INF
1	43.73	10.69	25.43	17.45	a	0.18
2	39.04	4.91	36.94	16.41	a	0.29
3	26.38	65.03	187.64	15.76	g	0.57
4	53.23	18.69	221.91	0.98	G	0.97
5	267.09	0.00	27.73	0.00	A	1.55
6	292.87	1.94	0.00	0.00	A	1.94
7	286.16	0.98	0.97	6.71	A	1.78
8	54.95	55.86	159.75	24.26	g	0.32
9	1.97	153.23	12.52	127.09	c	0.74
10	16.46	4.87	273.49	0.00	G	1.57
11	294.82	0.00	0.00	0.00	A	2.00
12	293.84	0.97	0.00	0.00	A	1.97
13	284.07	0.00	5.88	4.87	A	1.74
14	19.70	141.68	127.63	5.81	c	0.60
15	15.73	158.45	9.91	110.72	c	0.60
16	89.43	50.86	101.65	52.88	*	0.07
17	130.22	24.43	99.02	41.15	a	0.26
18	135.13	69.31	65.86	24.51	a	0.21
19	85.95	32.56	29.62	49.39	a	0.14
20	33.40	88.02	46.43	29.67	c	0.14
//
