//
NA /import/bc2/home/nimwegen/GROUP/ENCODE.ChIPseq/GM12878_snyder_stanford/IggmusBG_E2F4-MXI1/OUTPUT/IRF3_FgBg-runmotevo_noAln/Logo
P0	A	C	G	T	cons	inf
01	317.221	61.122	321.429	22.188	R	0.484
02	212.009	70.145	350.734	89.074	R	0.257
03	0.000	721.324	0.000	0.637	C	1.969
04	0.000	720.196	1.765	0.000	C	1.955
05	708.965	0.259	0.000	12.737	A	1.848
06	688.157	8.084	25.403	0.316	A	1.668
07	0.352	12.974	0.000	708.635	T	1.844
08	122.722	318.152	249.519	31.568	S	0.298
09	344.694	50.104	320.900	6.264	R	0.625
10	145.964	132.536	396.717	46.744	G	0.336
11	333.398	175.551	158.358	54.654	V	0.208
12	255.084	82.025	304.616	80.236	R	0.217
13	143.357	209.961	276.009	92.633	N	0.089
14	115.882	259.256	228.711	118.112	N	0.074
15	136.041	288.445	207.503	89.973	V	0.107
16	166.893	155.257	308.236	91.574	N	0.114
17	144.347	202.432	289.508	85.673	V	0.109
18	172.873	150.198	305.336	93.555	N	0.109
19	157.851	130.273	287.725	146.112	N	0.060
20	111.938	219.897	199.842	190.285	N	0.022
//
