//
NA /import/bc2/home/nimwegen/GROUP/ENCODE.ChIPseq/GM12878_snyder_stanford/IggmusBG_E2F4-MXI1/OUTPUT/IRF3_FgBg-runmotevoPG1_1/Logo
P0	A	C	G	T	cons	inf
01	59.282	1.408	109.032	0.000	G	0.938
02	1.047	0.000	168.674	0.000	G	1.878
03	0.000	0.000	169.722	0.000	G	1.930
04	9.226	142.178	0.000	18.317	C	1.146
05	4.703	0.796	164.223	0.000	G	1.709
06	0.000	1.224	156.690	11.808	G	1.510
07	26.612	0.406	136.459	6.245	G	1.069
08	55.132	20.923	88.823	4.845	G	0.404
09	20.768	128.542	2.700	17.711	C	0.828
10	22.433	70.905	23.369	53.015	N	0.108
//
