//
NA /import/bc2/home/nimwegen/GROUP/ENCODE.ChIPseq/GM12878_snyder_stanford/IggmusBG_E2F4-MXI1/OUTPUT/IRF3_FgBg-phylogibbs1/Logo2
PO         A          C          G          T       cons         inf
01    218.05     176.80     204.14     137.49          N        0.02
02    136.31     206.98     179.26     217.79          N        0.02
03    119.28     265.32     138.46     224.37          N        0.08
04    309.18      34.54     281.92       6.34          R        0.68
05    292.50      23.55     367.35      13.15          G        0.71
06      0.01     475.89       0.01       0.98          C        1.98
07      0.01     474.05       0.01       4.87          C        1.92
08    476.14       0.01       0.01       0.01          A        2.00
09    469.02       0.99      22.72       0.01          A        1.71
10      0.01       7.58       0.01     475.77          T        1.88
//
