//
NA /import/bc2/home/nimwegen/GROUP/ENCODE.ChIPseq/GM12878_snyder_stanford/IggmusBG_E2F4-MXI1/OUTPUT/IRF3_FgBg-runmotevoPG1_2/Logo
P0	A	C	G	T	cons	inf
01	94.021	98.181	90.724	63.300	N	-0.015
02	55.306	107.141	85.580	98.198	N	0.005
03	43.358	133.627	81.393	87.847	N	0.067
04	182.666	15.652	146.011	1.898	A	0.710
05	121.887	4.773	217.312	2.254	G	0.881
06	0.000	346.226	0.000	0.000	C	1.961
07	0.000	346.226	0.000	0.000	C	1.961
08	346.226	0.000	0.000	0.000	A	1.961
09	336.041	0.407	9.777	0.000	A	1.765
10	0.000	9.924	0.000	336.302	T	1.775
//
