//
NA /import/bc2/home/nimwegen/GROUP/ENCODE.ChIPseq/GM12878_snyder_stanford/IggmusBG_E2F4-MXI1/OUTPUT/IRF3_FgBg-runmotevoPG2_1/Logo
P0	A	C	G	T	cons	inf
01	54.559	144.103	102.314	111.686	N	0.045
02	202.404	22.683	186.347	1.228	R	0.693
03	130.904	26.677	226.349	28.731	G	0.446
04	0.000	410.713	0.970	0.978	C	1.921
05	0.290	411.421	0.950	0.000	C	1.936
06	412.325	0.000	0.000	0.337	A	1.958
07	397.114	2.253	12.712	0.583	A	1.707
08	0.000	6.584	0.000	406.077	T	1.850
09	79.294	157.218	162.639	13.511	S	0.291
10	193.489	14.452	204.162	0.558	R	0.773
11	89.937	64.924	235.439	22.362	G	0.381
12	224.501	76.644	83.418	28.099	A	0.311
13	169.213	35.776	173.619	34.054	R	0.314
14	81.302	109.913	173.502	47.945	V	0.114
15	69.061	139.734	130.107	73.759	N	0.040
16	82.979	170.359	106.868	52.456	N	0.095
17	113.323	70.230	183.350	45.758	V	0.151
18	84.676	102.261	191.238	34.486	V	0.189
19	114.707	78.747	175.855	43.353	V	0.135
20	99.094	58.581	176.234	78.753	N	0.096
//
