//
NA /import/bc2/home/nimwegen/GROUP/ENCODE.ChIPseq/GM12878_snyder_stanford/IggmusBG_E2F4-MXI1/OUTPUT/IRF3_FgBg-runmotevoPG2_2/Logo
P0	A	C	G	T	cons	inf
01	10.796	119.207	119.863	50.874	S	0.297
02	295.133	0.000	5.608	0.000	A	1.824
03	0.000	6.238	0.000	294.502	T	1.812
04	0.842	0.000	0.000	299.898	T	1.930
05	0.000	1.550	299.191	0.000	G	1.911
06	0.764	0.000	299.976	0.000	G	1.932
07	25.503	166.685	16.937	91.616	C	0.431
08	4.713	142.781	23.057	130.189	Y	0.550
09	88.246	66.789	108.908	36.798	V	0.058
10	75.486	70.130	106.297	48.827	N	0.015
11	56.726	96.281	72.167	75.567	N	-0.014
12	67.092	50.715	128.930	54.003	N	0.077
13	22.703	106.470	94.019	77.548	B	0.121
14	35.581	80.969	122.012	62.179	B	0.089
15	49.491	99.819	94.349	57.082	N	0.025
16	49.884	132.119	74.680	44.057	N	0.105
17	44.063	114.720	46.169	95.789	N	0.084
18	53.917	65.429	151.672	29.722	V	0.210
19	26.585	111.136	69.203	93.817	B	0.109
20	29.486	189.541	37.331	44.383	C	0.432
//
