//
NA ACE2
PO         A          C          G          T       cons         inf
00      0.00       0.19      25.22       0.00          G        1.94
01      0.42      25.21       0.00       0.10          C        1.84
02      0.00       0.00       0.10      25.31          T        1.96
03      0.63       0.00      25.22       0.00          G        1.83
04      0.00       0.00      25.41       0.00          G        2.00
05      1.42       5.00       1.26      19.30          T        0.77
06      1.79       3.83       5.27      16.26          T        0.44
//
//
NA BAS1
PO         A          C          G          T       cons         inf
01     41.66      12.20      30.43      11.27          R        0.21
02      2.85       0.00      86.01       0.00          G        1.80
03     88.03       0.00       0.00       0.00          A        2.00
04      0.00       0.00      88.03       0.00          G        2.00
05      0.00       0.00       0.00      88.03          T        2.00
06      0.00      88.03       0.00       0.00          C        2.00
//
//
NA CAD1
PO         A          C          G          T       cons         inf
00     20.56       1.00       0.98       0.00          A        1.48
01      0.97       0.00       0.00      20.95          T        1.74
02      0.00       0.00       0.00      21.54          T        2.00
03     18.89       0.98       0.00       1.72          A        1.34
04      6.02       2.13      14.64       0.00          G        0.76
05      0.00       0.00       0.00      21.54          T        2.00
06     19.47       2.07       0.00       0.00          A        1.54
07     21.54       0.00       0.00       0.00          A        2.00
08      0.00       0.00      14.16       7.98          G        1.06
09      0.00      20.88       0.00       0.97          C        1.74
//
//
NA CBF1
PO         A          C          G          T       cons         inf
01      0.98      11.00      52.49     269.00          T        1.14
02      0.00     323.56       0.00       0.00          C        2.00
03    322.84       0.00       0.97       0.00          A        1.97
04      0.00     318.50       0.97       5.56          C        1.85
05     22.97       0.00     304.25       0.00          G        1.63
06      0.00       1.96       0.00     322.20          T        1.95
07      0.00       0.98     323.09       0.00          G        1.97
//
//
NA CIN5
PO         A          C          G          T       cons         inf
01      0.00       3.41       0.00      85.35          T        1.76
02      0.00       0.00       0.00      87.51          T        2.00
03     79.98       0.00       8.34       0.00          A        1.55
04      0.00      61.69       3.95      21.93          C        0.94
05     49.33       5.32      28.06       7.48          A        0.46
06      0.98       0.98       0.00      86.16          T        1.82
07     78.40       8.39       0.97       0.00          A        1.46
08     87.51       0.00       0.00       0.00          A        2.00
09      0.00      11.10      27.65      49.97          T        0.63
10     27.81      42.47       0.00      20.18          M        0.48
//
//
NA DAL82
PO	A	C	G	T	cons	inf
0	0	3	2	0	C	1.02904940554533
1	3	1	1	0	A	0.629049405545331
2	3	0	2	0	A	1.02904940554533
3	1	1	3	0	G	0.629049405545331
4	0	5	0	0	C	2
5	0	0	5	0	G	2
6	0	5	0	0	C	2
7	4	0	0	1	A	1.27807190511264
8	4	0	0	1	A	1.27807190511264
9	0	1	1	3	T	0.629049405545331
10	0	0	0	5	T	2
11	0	0	0	5	T	2
12	0	1	0	4	T	1.27807190511264
13	0	3	2	0	C	1.02904940554533
//
//
NA STE12_DIG1
PO         A          C          G          T       cons         inf
01      0.00      32.62       0.96     250.22          T        1.45
02     42.97       0.00     241.37       1.98          G        1.33
03    271.22       0.00      12.78       0.00          A        1.74
04    252.90       1.67      27.03       0.00          A        1.49
05    278.87       0.00       0.00       0.00          A        2.00
06      0.98     277.79       0.00       0.97          C        1.93
07    153.01      30.02      93.87      22.75          A        0.37
//
//
NA FHL1
PO         A          C          G          T       cons         inf
01      0.00      91.26       5.12      11.92          C        1.23
02      0.00      43.05       0.00      63.83          T        1.03
03     65.34       0.00      41.92       0.00          A        1.03
04      0.00       0.00     102.06       0.00          G        2.00
05     19.46       7.19      83.37       0.00          G        1.00
06     11.56      82.95       9.36       3.97          C        0.88
07     34.12      29.58      24.04      22.70          N        0.02
08      0.98       0.00     101.87       0.00          G        1.92
09     60.60       0.00      44.51       0.00          A        1.02
10     37.25      30.35      31.82      11.12          V        0.11
11     33.03      23.75      29.84      25.74          N        0.01
//
//
NA FKH1
PO         A          C          G          T       cons         inf
01     81.45      38.27      35.62      13.78          V        0.24
02    113.58      15.76      17.36      15.90          A        0.64
03    111.10      27.13      10.69      12.21          A        0.66
04     87.95      17.05      20.18      40.12          A        0.31
05     58.55      24.27      42.02      44.44          N        0.06
06     64.14       0.00      97.59       0.98          G        0.98
07      0.00      19.56       6.42     134.29          T        1.23
08    158.09       0.00       0.00       0.00          A        2.00
09    156.18       0.00       0.98       0.98          A        1.89
10    157.24       0.00       0.00       0.98          A        1.95
11      0.00     134.98       0.00      29.43          C        1.32
12    152.36       0.00       8.97       0.00          A        1.69
13    129.42       0.97      21.09      14.06          A        1.00
14     74.26      24.82      31.87      37.06          N        0.14
15     66.21      34.61      43.12      25.90          N        0.09
//
//
NA FKH2
PO         A          C          G          T       cons         inf
01    129.66      13.09      13.00      17.17          A        0.80
02    112.71      13.56      17.78      28.42          A        0.54
03     97.16      24.33      23.09      35.00          A        0.29
04     69.74      22.38      39.55      48.59          D        0.11
05     58.30       1.14     114.41       0.00          G        1.03
06      0.00       8.58       0.00     159.76          T        1.71
07    166.41       1.80       0.00       0.00          A        1.91
08    166.58       0.00       1.96       0.00          A        1.91
09    165.13       1.95       2.12       0.98          A        1.76
10      0.00     142.47       0.00      30.70          C        1.33
11    160.28       0.00      10.13       0.00          A        1.67
12    127.31       6.21      15.25      28.81          A        0.76
//
//
NA GAL4
PO         A          C          G          T       cons         inf
00      0.00      27.79       0.00       0.00          C        2.00
01      0.00       0.00      27.79       0.00          G        2.00
02      0.00       4.39      22.73       0.97          G        1.17
03      7.78       6.55       9.28       7.17          N        0.01
04      2.92      11.37      11.51       4.98          B        0.19
05     10.20       8.10      10.03       3.90          V        0.08
06     23.39       0.00       5.38       0.98          A        1.12
07      5.67      12.96       8.10       1.94          V        0.24
08     19.13       3.35       0.00       7.37          A        0.74
09      6.59       5.92      17.44       2.04          G        0.35
10      0.96       7.67       4.94      17.86          T        0.47
11     11.70       5.17      11.05       4.04          N        0.14
12      0.00      14.37       7.29       8.24          Y        0.48
13      2.35       3.92       4.19      20.01          T        0.54
14      0.00      27.79       0.00       0.00          C        2.00
15      0.00      26.12       1.66       0.00          C        1.67
16      0.00       0.00      27.79       0.00          G        2.00
//
//
NA GAT1
PO         A          C          G          T       cons         inf
00      0.00      32.10       1.95       7.00          C        1.08
01      0.00       4.50       0.00      35.55          T        1.49
02      0.00       0.00       0.00      39.46          T        2.00
03     39.46       0.00       0.00       0.00          A        2.00
04      0.00       0.00       1.96      37.69          T        1.72
05      0.00      39.46       0.00       0.00          C        2.00
06     11.11       0.00       3.60      25.56          T        0.76
//
//
NA GCN4
PO         A          C          G          T       cons         inf
01      4.82      15.10     211.40      55.35          G        0.89
02    245.09      13.18       0.00      24.09          A        1.31
03      3.02       3.19     277.79       0.98          G        1.79
04      0.00       0.00       0.00     281.83          T        2.00
05     17.18     265.62       0.00       0.00          C        1.67
06    281.64       0.00       0.98       0.00          A        1.97
07      9.35      82.53      22.44     180.15          T        0.61
//
//
NA GLN3
PO         A          C          G          T       cons         inf
01     47.04      21.39       0.00      36.65          W        0.48
02      0.00       0.00     102.06       0.00          G        2.00
03    102.06       0.00       0.00       0.00          A        2.00
04      0.00       0.00       0.00     102.06          T        2.00
05     89.79       0.00       0.00      12.46          A        1.47
06     90.57       0.00      11.78       0.97          A        1.41
07      0.98       0.00     100.24       0.98          G        1.84
08     61.34      24.72      20.86       5.80          A        0.37
09     31.43      16.17      22.44      40.01          N        0.08
//
//
NA HAP1
PO         A          C          G          T       cons         inf
01      2.16      42.89      32.92       0.00          C        0.86
02      0.00      77.97       0.00       0.00          C        2.00
03      0.97       0.00      77.25       0.00          G        1.90
04     44.92       9.56      11.81      12.95          A        0.33
05     15.49       1.95       0.00      61.31          T        1.12
06     73.66       2.87       2.56       0.00          A        1.57
07     29.54       6.81       0.00      44.66          T        0.70
08      7.15      26.82       2.21      46.22          T        0.56
09      3.14       9.03      18.67      47.86          T        0.53
10      0.00      76.30       0.00       1.67          C        1.85
11      0.00      77.97       0.00       0.00          C        2.00
12      8.51      15.82      38.28      16.70          B        0.21
13      8.83      25.74      27.13      18.63          B        0.11
14     13.20      24.99      20.59      28.48          N        0.05
15     14.08      29.20      27.53      11.02          N        0.11
//
//
NA HAP4
PO         A          C          G          T       cons         inf
01      0.00       0.00       0.00      49.42          T        2.00
02      2.96       0.29      46.18       0.00          G        1.62
03     49.42       0.00       0.00       0.00          A        2.00
04      0.00       0.00       0.07      49.35          T        1.98
05      0.06       0.00       0.00      49.36          T        1.99
06      0.00       0.00      49.42       0.00          G        2.00
07      0.00       0.00      45.81       3.61          G        1.62
08      1.76      22.96       4.07      23.05          Y        0.51
09      2.63      32.52       1.80      14.14          C        0.68
//
//
NA HSF1
PO         A          C          G          T       cons         inf
01     49.70      10.55      43.16       0.00          R        0.63
02      1.30       0.00      98.27       0.00          G        1.90
03     98.52       0.00       0.78       0.00          A        1.93
04     90.87       0.54       5.40       2.97          A        1.46
05     14.37      44.64      15.95      31.58          N        0.15
06     20.17      40.70      28.40      19.51          N        0.07
07      4.02      19.17       9.21      71.66          T        0.69
08      6.62      25.94       0.20      70.22          T        0.85
09     27.42      57.35      13.88       2.98          C        0.48
10      9.00      19.43       1.30      71.76          T        0.80
11     59.43      11.05      33.70       0.00          A        0.67
12      0.00       0.11      98.94       0.00          G        1.99
13     98.94       0.07       0.10       0.00          A        1.98
14     97.00       0.00       2.85       0.00          A        1.81
15     44.56      15.64      24.40      22.83          N        0.11
//
//
NA INO4
PO         A          C          G          T       cons         inf
01     12.38      10.62      26.09       1.58          G        0.38
02      0.10      48.88       0.00       0.00          C        1.98
03     43.46       2.82       0.76       2.44          A        1.29
04      0.00       0.73       0.00      48.44          T        1.89
05      3.01       0.00      45.98       0.00          G        1.67
06      2.85       0.32       1.00      45.30          T        1.48
07      0.00       0.00      48.98       0.00          G        2.00
08     43.25       2.43       4.03       0.00          A        1.32
09     46.68       0.00       2.31       0.00          A        1.73
10     42.47       0.00       6.12       2.09          A        1.23
11     33.42       0.00       6.28      10.09          A        0.77
//
//
NA LEU3
PO         A          C          G          T       cons         inf
00      0.00      26.29       0.00       0.16          C        1.95
01      0.23      26.15       0.00       0.00          C        1.93
02      0.00       0.00      26.38       0.00          G        2.00
03      2.86       0.00      18.41       5.39          G        0.82
04      0.00       0.00       0.00      26.38          T        2.00
05      8.12       9.43       0.00      10.40          H        0.42
06      1.05      26.20       0.00       0.00          C        1.76
07      1.97      24.41       0.00       0.00          C        1.62
08      0.00       0.06      26.32       0.00          G        1.98
09      0.00       8.91      17.42       0.05          G        1.06
//
//
NA MBP1_SWI6
PO         A          C          G          T       cons         inf
01    151.53       0.00       4.06      68.82          A        0.99
02      0.82     219.42       1.01       1.79          C        1.86
03      0.45       1.82     219.83       0.23          G        1.90
04      0.31     190.78       1.88      30.65          C        1.34
05      0.59       1.82     219.82       0.21          G        1.89
06      7.26      14.91      15.06     188.80          T        1.10
07      3.65      91.07       8.82     134.37          T        0.74
//
//
NA MSN2
PO         A          C          G          T       cons         inf
01     16.25       5.26       1.35      24.84          T        0.48
02     37.58       6.93       0.09       2.27          A        1.11
03     27.06       0.00       8.36       0.00          A        1.21
04      0.15       0.86      32.78       0.00          G        1.79
05      0.59       0.00      33.51       0.00          G        1.87
06      0.00       0.00      33.79       0.00          G        2.00
07      0.09       0.00      33.72       0.00          G        1.97
//
//
NA NRG1
PO         A          C          G          T       cons         inf
01     51.65      14.52      23.77      32.15          D        0.14
02     37.13       0.96      83.54       0.00          G        1.05
03      0.97       0.00      97.65      18.39          G        1.31
04     88.93       0.00      29.16       0.00          A        1.19
05      3.67     113.47       0.00       0.00          C        1.80
06      0.00     108.66       0.00       8.30          C        1.63
07      0.00     115.48       1.00       0.00          C        1.93
//
//
NA PHO2
PO      A       C       G       T       cons    inf
01       0       0       6       2       G       1.18872187554087
02       0       4       0       4       C       1
03       1       1       0       6       T       0.938721875540867
04       5       0       0       3       A       1.04556599707503
05       6       0       0       2       A       1.18872187554087
06       1       0       0       7       T       1.4564355568004
07       1       0       0       7       T       1.4564355568004
08       2       3       2       1       N       0.0943609377704335
09       7       1       0       0       A       1.4564355568004
10       6       0       0       2       A       1.18872187554087
11       0       0       1       7       T       1.4564355568004
//
//
NA PHO4
PO         A          C          G          T       cons         inf
00      0.00      24.96      20.83       7.74          S        0.55
01      0.00      52.37       0.00       0.08          C        1.98
02     52.39       0.00       0.00       0.00          A        2.00
03      0.00      51.88       0.00       0.75          C        1.89
04      0.10       0.09      52.34       0.00          G        1.96
05      1.10       1.58       0.80      49.53          T        1.55
06      1.79       0.16      41.26       9.86          G        1.08
//
//
NA RAP1
PO         A          C          G          T       cons         inf
01    103.82       8.60      16.60       0.78          A        1.06
02      0.06     115.84       0.00      12.42          C        1.54
03      0.28     126.18       0.31       0.14          C        1.94
04      0.00     126.82       0.00       0.05          C        1.99
05    105.81       1.73      21.68       0.00          A        1.25
06     30.43      30.16      20.67      56.46          N        0.10
07     92.61       4.78      23.53      12.58          A        0.70
08      0.07     124.63       0.61       2.63          C        1.81
09     88.58      39.76       2.77       0.11          A        0.97
10      1.88      64.99       0.16      68.66          Y        0.90
//
//
NA RCS1
PO         A          C          G          T       cons         inf
01     26.58       5.04      41.06       1.18          G        0.64
02      1.20       0.00      67.88       2.46          G        1.66
03      0.79       1.03      69.39       0.00          G        1.80
04      1.23       6.18       2.99      61.32          T        1.21
05      3.96       0.14      67.38       0.00          G        1.67
06      0.60      62.34       0.00       9.55          C        1.37
07     58.84       0.12      13.96       0.41          A        1.23
08     30.77       6.15      24.25      15.47          D        0.19
09     22.26       9.59      12.73      29.32          N        0.13
//
//
NA RDS1
PO         A          C          G          T       cons         inf
00      0.00      17.34       0.00       0.81          C        1.74
01      0.00       0.00      17.81       0.00          G        2.00
02      0.00       0.36      17.13       0.00          G        1.85
03      0.00      17.49       0.00       0.00          C        2.00
04      0.00      14.98       3.29       0.00          C        1.32
05      0.96       0.00      16.82       0.00          G        1.70
06     12.11       4.81       0.25       1.63          A        0.70
07      4.98       8.61       4.42       1.66          V        0.19
//
//
NA REB1
PO         A          C          G          T       cons         inf
01     63.00      41.43     166.56     211.40          K        0.26
02     59.77     237.62     108.22      62.92          N        0.25
03     50.36     378.34       7.37       7.20          C        1.25
04      0.00       0.00     438.44       0.00          G        2.00
05      0.00       0.00     438.44       0.00          G        2.00
06      0.00       0.00     437.69       0.97          G        1.98
07      0.00       1.95       0.00     436.97          T        1.96
08    411.05       5.16      20.74       9.28          A        1.49
09    420.08       0.97      17.81       4.99          A        1.65
10     22.71     240.13      35.37     179.39          Y        0.48
11    218.20      98.73     133.19      55.44          V        0.16
//
//
NA RFX1
PO         A          C          G          T       cons         inf
00      0.00       0.00       0.00      19.20          T        2.00
01      0.00       2.60       0.00      16.71          T        1.43
02      2.86       0.61      13.98       1.86          G        0.77
03      0.00      16.49       0.62       2.99          C        1.20
04      0.00      12.01       0.00       7.67          C        1.04
05     14.10       0.00       5.10       0.00          A        1.16
06      0.00       3.14       0.86      15.40          T        1.11
07      2.11       0.00      17.40       0.00          G        1.51
08     10.28       0.54       9.94       0.00          R        0.85
09      0.00      18.28       0.62       0.42          C        1.65
10     18.16       0.00       1.15       0.00          A        1.67
11     19.20       0.00       0.00       0.00          A        2.00
12      0.32      18.75       0.15       0.00          C        1.81
//
//
NA RPN4
PO         A          C          G          T       cons         inf
01     13.14       0.00      97.53       0.00          G        1.47
02      0.00       0.00     110.67       0.00          G        2.00
03      0.00       4.88       0.00     105.79          T        1.74
04      0.00       0.00     110.67       0.00          G        2.00
05      0.97       0.00     109.96       0.00          G        1.93
06      0.00     110.67       0.00       0.00          C        2.00
07     90.83       0.00      16.44       4.68          A        1.16
08    110.67       0.00       0.00       0.00          A        2.00
09    103.24       4.36       2.25       1.47          A        1.52
10     72.23      13.08       3.65      25.84          A        0.58
//
//
NA SIP4
PO         A          C          G          T       cons         inf
00      0.00      14.20       0.00       0.00          C        2.00
01      0.00       0.00      14.20       0.00          G        2.00
02      0.32       0.00      13.88       0.00          G        1.85
03      9.65       2.77       2.11       0.00          A        0.75
04      0.00       3.09       0.00      11.11          T        1.24
05      1.75       0.00      10.74       1.88          G        0.93
06     14.20       0.00       0.00       0.00          A        2.00
07     13.88       0.00       0.00       0.00          A        2.00
08      7.11       0.00       0.00       7.60          T        1.00
09      0.00       0.00      11.59       2.29          G        1.35
10      0.00       0.00      13.88       0.00          G        2.00
11     12.15       0.00       2.28       0.00          A        1.37
12      5.13       2.45       6.98       0.16          R        0.46
//
//
NA SNT2
PO         A          C          G          T       cons         inf
00      0.00       0.89       3.13      28.17          T        1.36
01      0.00       0.00      31.36       0.00          G        2.00
02     14.05       2.69      17.21       0.00          G        0.69
03      0.00       0.00       0.00      31.36          T        2.00
04     31.20       0.00       0.35       0.00          A        1.91
05      0.07       0.00      31.30       0.00          G        1.98
06      0.00      31.36       0.00       0.00          C        2.00
07      0.00       0.00      31.36       0.00          G        2.00
08      0.08      30.72       0.75       0.00          C        1.81
09      1.68      29.69       0.00       0.00          C        1.70
10      9.44       2.32      16.66       5.89          R        0.28
//
//
NA STB1
PO         A          C          G          T       cons         inf
01     19.73       3.88      19.05       1.20          R        0.51
02     26.36       4.50       7.42       4.67          A        0.44
03     16.41       1.62       7.76      17.54          W        0.32
04      0.00       3.90       0.00      36.87          T        1.54
05      0.00       0.82       0.00      39.60          T        1.86
06      0.00       0.00       0.00      40.41          T        2.00
07      0.00      23.59      16.82       0.00          C        1.02
08      0.41       0.00      38.50       1.53          G        1.69
09      0.46      27.64       0.72      11.96          C        0.92
10      0.79       0.08      39.84       0.00          G        1.84
11      7.52       9.83       2.55      22.46          T        0.34
12      3.80       9.53       5.88      22.72          T        0.32
//
//
NA STB4
PO         A          C          G          T       cons         inf
00      0.00       1.10       0.00      12.77          T        1.60
01      1.61      11.27       0.94       0.05          C        1.10
02      1.45       0.00      12.19       0.05          G        1.48
03      6.13       0.00       7.59       0.00          G        1.01
04      0.00       3.97       0.00       9.95          T        1.14
05      0.00      13.69       0.00       0.00          C        2.00
06      0.00      13.69       0.00       0.00          C        2.00
07      0.00       0.00      13.69       0.00          G        2.00
08     13.41       0.00       0.46       0.00          A        1.79
//
//
NA STB5
PO         A          C          G          T       cons         inf
00      2.39      12.55       3.97      17.10          Y        0.35
01     26.41       0.00       8.44       1.20          A        1.02
02      6.04       0.00       0.00      28.37          T        1.33
03     33.05       0.64       0.00       1.11          A        1.66
04     22.64       0.00      10.07       3.07          A        0.76
05      0.00      33.55       0.81       0.58          C        1.72
06     27.27       1.58       6.18       0.13          A        1.04
07      0.00      34.13       0.27       0.00          C        1.93
08      0.00      34.40       0.00       0.00          C        2.00
09      0.00       0.00      33.71       1.86          G        1.70
//
//
NA STE12
PO         A          C          G          T       cons         inf
01     96.70      49.00      95.23     143.76          N        0.09
02     34.29     111.30      28.57     209.40          T        0.41
03     15.44       1.98     343.35       2.94          G        1.63
04      0.00       0.00       0.00     356.40          T        2.00
05      0.00       0.98       1.00     355.42          T        1.94
06      0.00      11.43       0.00     349.18          T        1.80
07      1.97     275.59       0.00      88.95          C        1.15
//
//
NA SUM1
PO         A          C          G          T       cons         inf
01     36.13       4.77      51.35       0.00          G        0.78
02      0.35      44.00       0.00      45.90          Y        0.97
03      0.00       0.11      87.58       0.00          G        1.99
04     37.81       0.68       0.74      49.07          T        0.89
05      0.00      86.75       0.91       0.17          C        1.90
06     81.47       1.55       5.34       0.20          A        1.52
07      0.26      46.77      41.50       1.79          C        0.86
08     42.97      10.70       0.82      35.18          W        0.53
09     86.92       0.81       0.18       0.00          A        1.90
10     85.59       1.76       0.29       0.43          A        1.78
11     47.19       4.15       4.70      33.49          A        0.55
//
//
NA SWI4_SWI6
PO         A          C          G          T       cons         inf
01     77.30       9.23      63.38      27.97          R        0.31
02     88.78      35.74      16.10      35.06          H        0.26
03      0.49     158.75       2.66       6.79          C        1.61
04     65.03       2.95     103.30       0.40          G        0.91
05      0.00     167.20       0.00       1.08          C        1.94
06      2.95      36.31     129.62       0.00          G        1.13
07    157.09       1.08       2.15       8.89          A        1.55
08    165.66       0.98       1.69       0.82          A        1.82
09    160.77       1.60       0.68       6.01          A        1.66
10    116.95      16.65       3.71      36.90          A        0.70
//
//
NA TEC1
PO         A          C          G          T       cons         inf
01     42.97       0.98      56.52       0.00          G        0.94
02      0.00      87.71       0.00       8.82          C        1.56
03     62.65       0.00      35.67       0.98          A        0.98
04      0.00       0.00       0.00      94.81          T        2.00
05      0.98       1.95       0.00      92.12          T        1.77
06      0.00      52.71       0.00      45.41          C        1.00
07      2.14      32.65       0.97      66.75          T        0.89
08      8.34      31.59      11.15      48.33          Y        0.31
//
//
NA THI2
PO         A          C          G          T       cons         inf
00      1.03       0.00      11.62       0.00          G        1.59
01      0.00       0.00      12.65       0.00          G        2.00
02      6.80       5.73       0.00       0.61          A        0.78
03     12.65       0.00       0.00       0.00          A        2.00
04     12.65       0.00       0.00       0.00          A        2.00
05      0.00      10.24       0.00       2.41          C        1.30
06      0.00       5.43       0.00       8.05          T        1.03
07      0.71       5.99       5.71       0.90          S        0.47
08      4.38       0.00       0.00       8.26          T        1.07
09      9.21       0.00       0.00       3.44          A        1.16
10     12.65       0.00       0.00       0.00          A        2.00
11      0.00       0.00      12.65       0.00          G        2.00
12     12.65       0.00       0.00       0.00          A        2.00
13      8.13       0.00       4.52       0.00          A        1.06
14      1.29      10.68       0.89       0.00          C        1.18
//
//
NA TYE7
PO         A          C          G          T       cons         inf
01     36.04       2.27      20.26       1.50          A        0.72
02      0.82      10.14       4.34      40.99          T        0.85
03      3.67      48.53       0.33       3.05          C        1.30
04     51.81       0.19       1.80       2.28          A        1.52
05      4.89      43.72       4.87       2.64          C        0.90
06      4.35       2.20      45.93       3.78          G        1.03
07      3.74       4.83       0.45      46.53          T        1.16
08      4.16       0.61      50.17       1.05          G        1.40
09     23.36       9.53      19.38       5.96          V        0.18
//
//
NA UME6
PO         A          C          G          T       cons         inf
01     59.38      11.96      10.01      75.87          W        0.43
02     47.86       2.02       0.98      99.82          T        0.95
03      0.00       0.61       0.00     148.55          T        1.96
04    122.05       0.32       0.00      28.03          A        1.29
05      6.87       2.12     139.30       0.87          G        1.57
06      0.00     149.16       0.00       0.00          C        2.00
07      0.00     149.06       0.00       0.13          C        1.99
08      2.30       0.00     147.13       0.00          G        1.88
09      0.00     148.82       0.00       0.34          C        1.98
10      0.00     122.22       7.19      22.75          C        1.13
11     17.32      39.49      96.82       3.53          G        0.60
12    127.88       0.77      16.22       7.01          A        1.20
//
//
NA YAP1
PO         A          C          G          T       cons         inf
01      0.73       6.58       1.22      14.30          T        0.68
02      0.19       1.23      12.78       7.44          G        0.73
03      0.00      19.96       0.83       1.37          C        1.44
04      0.00       0.00       0.00      21.58          T        2.00
05      0.00       0.00       9.94      11.89          T        1.01
06     20.52       0.06       1.21       0.19          A        1.60
07      0.07      20.62       0.84       0.19          C        1.66
08      3.30       0.00       0.16      18.21          T        1.32
09     21.49       0.00       0.09       0.00          A        1.96
10     21.26       0.12       0.09       0.19          A        1.84
11      3.06       0.00       6.11      14.14          T        0.67
//
//
NA YAP7
PO         A          C          G          T       cons         inf
01     71.96      25.82       1.95       8.70          A        0.72
02      1.95       0.00       0.00     104.10          T        1.87
03      0.00       0.00      21.32      83.75          T        1.27
04    101.72       0.98       0.97       1.72          A        1.73
05     12.60      11.68      83.33       0.00          G        1.00
06      0.00       0.97       0.00     104.36          T        1.92
07     77.82      25.26       1.98       0.00          A        1.08
08    105.07       0.00       0.00       0.00          A        2.00
09      0.98       0.00      63.11      43.23          G        0.96
10     22.46      77.59       5.09       3.94          C        0.80
11     66.06      11.26      23.13      12.29          A        0.40
//
//
NA YDR026C
PO         A          C          G          T       cons         inf
00      1.74       0.00       2.74      14.57          T        0.99
01      0.00       0.00       0.40      18.17          T        1.85
02      0.00       1.03       0.00      17.84          T        1.69
03     18.33       0.00       0.00       0.00          A        2.00
04      0.00      18.33       0.00       0.00          C        2.00
05      0.00      18.33       0.00       0.00          C        2.00
06      1.18      17.40       0.00       0.00          C        1.66
07      0.00       0.00      18.33       0.00          G        2.00
08      0.49       0.00      17.84       0.00          G        1.82
09      7.79       8.41       1.17       2.91          M        0.30
//
//
NA ADR1
PO         A          C          G          T       cons         inf
00      0.00      14.35       0.00       0.00          C        2.00
01      0.00       3.56       0.00      11.31          T        1.21
02      0.00      13.76       0.97       0.00          C        1.65
03      0.00      12.31       0.00       2.64          C        1.33
04     12.68       1.66       0.00       0.00          A        1.48
05     14.35       0.00       0.00       0.00          A        2.00
06      0.00       9.33       0.00       6.20          C        1.03
//
//
NA DAL80
PO         A          C          G          T       cons         inf
00      0.00      23.45       0.00       0.00          C        2.00
01      0.00       0.00       0.00      23.45          T        2.00
02      4.17       0.00       0.00      19.27          T        1.32
03     23.45       0.00       0.00       0.00          A        2.00
04      0.00       0.00       0.00      23.45          T        2.00
05      0.98      22.47       0.00       0.00          C        1.75
//
//
NA GAL80
PO         A          C          G          T       cons         inf
00      0.00       7.06       0.00       0.00          C        2.00
01      0.00       0.00       7.06       0.00          G        2.00
02      0.00       0.00       7.06       0.00          G        2.00
03      4.14       1.88       1.55       0.00          A        0.56
04      2.77       0.66       4.11       0.00          G        0.68
05      1.80       1.83       3.82       2.47          N        0.07
06      5.00       1.88       1.05       0.00          A        0.70
07      0.00       3.46       0.77       4.74          T        0.68
08      0.00       0.00       1.15       6.32          T        1.38
09      0.00       3.11       4.18       0.00          G        1.02
10      0.00       1.89       0.00       5.97          T        1.20
11      0.88       4.65       2.70       0.00          C        0.66
12      2.77       1.88       2.64       0.00          V        0.43
13      0.00       1.66       0.67       5.98          T        0.90
14      0.00       5.65       1.41       0.00          C        1.28
15      0.00       7.06       0.00       0.00          C        2.00
16      0.00       0.00       7.06       0.00          G        2.00
//
//
NA GCR1
PO         A          C          G          T       cons         inf
00      7.19       0.31       0.77      18.22          T        0.89
01      0.00       1.42      23.18       0.00          G        1.68
02      0.00       0.22      24.38       0.00          G        1.93
03     24.60       0.00       0.00       0.00          A        2.00
04     21.57       0.10       0.00       2.94          A        1.44
05      0.09       0.13      23.26       1.21          G        1.64
06      5.53      17.03       0.00       2.40          C        0.82
07      0.00      19.33       0.15       6.51          C        1.14
//
//
NA GZF3
PO         A          C          G          T       cons         inf
00      8.35       0.00       0.00       0.00          A        2.00
01      0.00       0.00       1.72       6.68          T        1.27
02      0.00       5.70       0.00       2.64          C        1.10
03      1.00       0.00       7.74       0.00          G        1.49
04      0.00       8.35       0.00       0.00          C        2.00
05      0.00       0.00       0.00       8.35          T        2.00
06      4.17       0.00       0.00       4.17          W        1.00
07      8.35       0.00       0.00       0.00          A        2.00
08      0.00       0.00       0.00       8.35          T        2.00
09      0.00       8.35       0.00       0.00          C        2.00
//
//
NA HAP5
PO         A          C          G          T       cons         inf
00      6.41       9.35      10.33      17.90          N        0.10
01      2.00      19.15      21.08       0.97          S        0.65
02      1.14      15.13      24.85       4.33          G        0.54
03      8.26      11.37      21.55       4.53          V        0.21
04     18.17      14.51       4.40      10.03          H        0.15
05      1.27       6.37      12.73      23.89          T        0.45
06      0.98      31.99       6.77       6.24          C        0.72
07      0.00       7.00       0.00      37.13          T        1.37
08      5.37      13.08      19.04       7.93          B        0.15
09     41.56       0.00       0.00       0.00          A        2.00
10      0.00       0.00       0.00      41.56          T        2.00
11      0.00       0.00       2.34      39.22          T        1.69
12      3.87       0.00      37.88       0.00          G        1.55
13      3.61       4.97      31.23       2.62          G        0.76
14      0.00      17.30       0.00      28.08          T        1.04
//
//
NA MAC1
PO         A          C          G          T       cons         inf
00      1.08       0.00       0.00      16.33          T        1.66
01      0.89       0.00       2.19      14.51          T        1.18
02      0.00       0.00       0.00      17.15          T        2.00
03      1.16       0.00      15.99       0.00          G        1.64
04      0.00      17.15       0.00       0.00          C        2.00
05      0.00       0.00       0.00      17.15          T        2.00
06      0.00      17.15       0.00       0.00          C        2.00
07      9.58       0.00       6.55       1.14          A        0.74
//
//
NA MET31
PO         A          C          G          T       cons         inf
00     11.60       0.00       0.00       0.00          A        2.00
01     11.60       0.00       0.00       0.00          A        2.00
02      1.09       9.93       0.00       0.78          C        1.21
03      0.00       0.00       0.06      11.53          T        1.95
04      0.25       0.00      11.35       0.00          G        1.85
05      0.36       0.00       0.00      11.36          T        1.80
06      0.00       0.00      11.15       0.59          G        1.71
07      0.43       0.00      11.39       0.15          G        1.68
08      0.15       7.71       0.00       4.11          C        0.98
//
//
NA MET32
PO         A          C          G          T       cons         inf
00     15.18       4.88       4.37       3.53          A        0.29
01     21.64       2.92       2.18       0.00          A        1.11
02     25.42       0.00       0.90       0.00          A        1.79
03      2.29      23.12       0.06       0.91          C        1.34
04      0.31       0.90       0.00      25.20          T        1.69
05      0.00       1.20      24.99       0.00          G        1.73
06      0.00       0.47       0.00      25.82          T        1.87
07      0.00       0.00      26.20       0.00          G        2.00
08      3.78       0.07      22.55       0.17          G        1.33
//
//
NA PUT3
PO         A          C          G          T       cons         inf
00      0.00       1.58       0.00       4.51          T        1.17
01      0.88       4.22       0.88       0.00          C        0.83
02      0.00       0.91       4.85       0.00          G        1.37
03      0.89       0.00       4.56       0.00          G        1.36
04      2.80       0.00       3.14       0.00          G        1.00
05      2.41       0.00       2.99       0.00          G        1.01
06      0.00       0.00       3.57       3.09          G        1.00
07      0.00       0.00       2.41       2.99          T        1.01
08      0.00       0.00       5.40       0.00          G        2.00
09      0.00       0.00       5.40       0.00          G        2.00
10      0.00       2.99       0.00       2.41          C        1.01
11      0.00       0.00       0.00       5.40          T        2.00
12      0.00       0.91       0.00       4.85          T        1.37
13      0.00       5.40       0.00       0.00          C        2.00
14      0.00       5.40       0.00       0.00          C        2.00
15      0.00       5.40       0.00       0.00          C        2.00
16      0.00       0.00       5.40       0.00          G        2.00
17      2.99       0.00       2.41       0.00          A        1.01
//
//
NA RGT1
PO         A          C          G          T       cons         inf
00      0.00       0.00       0.92      29.17          T        1.80
01      0.00       1.01       0.00      29.32          T        1.79
02      0.89       1.82       0.00      27.37          T        1.48
03      0.00       1.94       0.00      28.34          T        1.66
04      0.00      30.09       0.00       0.00          C        2.00
05      0.00      29.38       0.90       0.00          C        1.81
06      1.18       0.00      29.03       0.00          G        1.76
//
//
NA RLM1
PO         A          C          G          T       cons         inf
00      6.49       2.39       7.08       3.13          N        0.14
01     11.43       0.00       7.19       0.00          A        1.04
02      0.00       2.16      12.54       2.64          G        0.87
03      1.78       8.96       4.11       4.59          B        0.20
04      9.13       0.00       0.00       8.22          A        1.00
05     16.96       0.00       0.98       0.00          A        1.69
06     17.34       0.00       0.00       0.00          A        2.00
07      7.47       0.00       6.59       3.89          R        0.46
08      5.70       3.14       0.00       9.51          T        0.55
09      1.95       0.00       0.00      15.40          T        1.49
10      0.00       3.33       0.00      14.92          T        1.31
11     15.40       0.00       1.95       0.00          A        1.49
12      9.65       0.00       8.71       0.00          A        1.00
13     17.34       0.00       0.00       0.00          A        2.00
14     12.04       0.00       0.00       6.28          A        1.07
//
//
NA ROX1
PO         A          C          G          T       cons         inf
00      1.97       8.29       0.00      10.00          Y        0.64
01      0.00      16.91       0.00       2.07          C        1.50
02      0.00      10.67       0.00       8.77          C        1.01
03     15.91       0.00       0.00       3.06          A        1.36
04      0.00       0.00       0.00      18.97          T        2.00
05      0.00       0.00       0.00      18.97          T        2.00
06      0.00       0.00      18.97       0.00          G        2.00
07      0.00       0.00       0.00      18.97          T        2.00
08      0.00       1.15       0.00      18.29          T        1.68
09      0.00      13.97       4.04       2.42          C        0.80
10      0.00       1.16       5.17      13.72          T        0.88
11      0.00      11.02       0.00       9.02          C        1.01
//
//
NA RTG3
PO         A          C          G          T       cons         inf
00      0.00       7.36       8.88       0.00          G        1.01
01      0.00       0.00      16.24       0.00          G        2.00
02      0.00       0.00       0.00      16.24          T        2.00
03      0.00      16.24       0.00       0.00          C        2.00
04     16.24       0.00       0.00       0.00          A        2.00
05      0.00      12.79       3.62       1.21          C        0.93
//
//
NA SKO1
PO         A          C          G          T       cons         inf
00      9.57       0.00       0.00       0.00          A        2.00
01      0.00       9.57       0.00       0.00          C        2.00
02      1.00       0.00       8.97       0.00          G        1.53
03      0.00       0.00       0.00       9.57          T        2.00
04      9.57       0.00       0.00       0.00          A        2.00
05      5.92       0.00       0.00       3.64          A        1.04
06      0.00       0.00       0.00       9.57          T        2.00
07      0.00       0.00       9.57       0.00          G        2.00
//
//
NA SWI5
PO         A          C          G          T       cons         inf
01     12.18       7.71      36.24      28.39          K        0.23
02      0.05       0.68      82.30       0.00          G        1.92
03      0.00      80.47       0.00       3.49          C        1.75
04      0.00       0.00       0.26      82.65          T        1.97
05      0.31       0.00      82.71       0.00          G        1.96
06     19.17       0.00      64.06       0.00          G        1.22
//
//
NA YOX1
PO         A          C          G          T       cons         inf
00     24.06       3.30       0.15       0.21          A        1.36
01      0.28       0.00       0.29      27.15          T        1.84
02      2.67       7.13       0.44      19.54          T        0.71
03     20.56       0.10       8.80       0.11          A        1.06
04      3.71      17.72       4.97       3.29          C        0.40
05     13.91       3.21       3.58      11.55          W        0.26
06      0.10       0.72       0.00      27.07          T        1.79
07      0.44       0.91       0.29      26.81          T        1.60
08      4.26       5.21       0.00      19.36          T        0.76
09      0.00      26.08       0.09       2.21          C        1.57
10      1.45      20.54       1.80       4.85          C        0.75
11      2.74      11.93       1.83      15.14          Y        0.42
12     10.99       4.25       9.90       5.93          N        0.10
13     19.74       2.32       0.66       6.13          A        0.73
14     13.67       2.87       0.00      11.85          W        0.63
//
//
NA SPT15
PO	A	 C	 G	 T
0	11	 3	 0	 11	 
1	2	 3	 0	 20	 
2	3	 0	 0	 22	 
3	1	 0	 0	 24	 
4	24	 1	 0	 0	 
5	2	 0	 0	 23	 
6	25	 0	 0	 0	 
7	0	 5	 0	 20	 
8	17	 1	 7	 0	 
9	6	 6	 1	 12	 
10	4	 3	 4	 14	 
//
//
NA ABF1
PO       A       C       G       T
0       140.92            104.88          91.4            337.76
1       503.47            0.00            171.48          0.00
2       0.00      0.00            0.00            674.96
3       0.00      674.96          0.00            0.00
4       555.34            0.00            119.62          0.00
5       0.00      382.7           0.00            292.26
6       66.17     111.6           119.97          377.22
7       234.37            98.39           68.94           273.26
8       130.87            115.95          72.66           355.47
9       264.34            110.01          140.99          159.62
10      151.83            189.14          123.17          210.82
11      674.96            0.00            0.00            0.00
12      0.00      674.96          0.00            0.00
13      0.00      0.00            674.96          0.00
14      339.15            24.85           175.72          135.23
//
//
NA MATalpha2
PO	A	 C	 G	 T
0	10	 0	 0	 0	 
1	6	 0	 0	 4	 
2	1	 0	 1	 8	 
3	0	 0	 0	 10	 
4	10	 0	 0	 0	 
5	0	 10	 0	 0	 
6	10	 0	 0	 0	 
7	0	 2	 0	 8	 
8	1	 0	 9	 0	 
//
//
NA CUP2
PO	A	 C	 G	 T
0	0	 7	 0	 2	 
1	9	 0	 0	 0	 
2	0	 0	 9	 0	 
3	2	 7	 0	 0	 
4	6	 0	 3	 0	 
5	4	 1	 4	 0	 
6	9	 0	 0	 0	 
7	9	 0	 0	 0	 
8	7	 0	 2	 0	 
9	4	 0	 0	 5	 
10	2	 0	 7	 0	 
//
//
NA PDR1_PDR3
PO	A	 C	 G	 T
0	0	 2	 2	 11	 
1	0	 5	 0	 10	 
2	0	 0	 0	 15	 
3	0	 15	 0	 0	 
4	0	 15	 0	 0	 
5	6	 0	 9	 0	 
6	0	 15	 0	 0	 
7	0	 0	 15	 0	 
8	0	 1	 14	 0	 
9	14	 0	 1	 0	 
//
//
NA MCM1
PO	A	 C	 G	 T
0	0	 3	 4	 29	 
1	5	 1	 4	 26	 
2	12	 2	 6	 16	 
3	1	 35	 0	 0	 
4	0	 34	 0	 2	 
5	5	 17	 8	 6	 
6	19	 2	 6	 9	 
7	24	 1	 2	 9	 
8	13	 0	 1	 22	 
9	9	 2	 4	 21	 
10	32	 0	 1	 3	 
11	1	 0	 35	 0	 
12	0	 0	 36	 0	 
13	28	 1	 3	 4	 
14	32	 2	 0	 2	 
15	32	 0	 2	 2	 
//
//
NA MIG1
PO	A	 C	 G	 T
0	1	 7	 0	 0	 
1	1	 7	 0	 0	 
2	0	 8	 0	 0	 
3	0	 8	 0	 0	 
4	5	 0	 2	 1	 
5	0	 2	 6	 0	 
6	5	 0	 1	 2	 
7	1	 1	 0	 6	 
8	3	 0	 0	 5	 
9	3	 0	 0	 5	 
//
//
NA doublePAC
PO	 A	 C	 G	 T
0	194.37  	  4.85  	  13.03  	  49.07  
1	14.3  	  29.51  	  70.11  	  147.4  
2	3.6  	  210.18  	  5.33  	  42.22  
3	8.36  	  3.02  	  16.71  	  233.23  
4	2.11  	  244.85  	  0.17  	  14.19  
5	261.32  	  0.00  	  0.00  	  0.00  
6	0.00  	  1.71  	  18.31  	  241.3  
7	0.00  	  261.32  	  0.00  	  0.00  
8	0.31  	  7.35  	  60.39  	  193.27  
9	0.00  	  258.54  	  0.00  	  2.79  
10	231.86  	  1.06  	  0.00  	  28.4  
11	20.12  	  5.37  	  4.34  	  231.49  
12	18.62  	  201.6  	  0.00  	  41.1  
//
//
NA PAC
0        0.00   21.03    0.00    13.38  c
1       12.70    2.83    0.00    18.36  t
2       33.1     7.11   10.67    67.25  t
3       37.16    7.73   36.07    40.81  agt
4        6.48   14.83  152.39    15.47   G
5       42.07  109.44    3.43    24.78   C
6       12.92    0.00  173.53     0.00   G
7      180.49    0.00    3.23     0.98   A
8        0.00    0.00    1.58   182.93   T
9        4.53    1.00  179.78     0.00   G
10     138.89    8.03    3.75     2.56   A
11       4.21   15.05  135.13     0.00   G
12      33.33   27.25    6.92     4.58   ac
13      10.31    2.6     0.00    58.68   T
//
//
NA ORC1
PO	A	C	G	T
0	10	5	0	18
1	7	0	3	23
2	3	0	0	30
3	7	0	3	23
4	1	0	0	32
5	1	0	0	32
6	1	2	0	30
7	29	0	0	4
8	3	4	0	26
9	11	1	14	7
10	0	1	0	32
11	3	1	0	29
12	0	0	0	33
13	18	0	0	15
14	0	5	18	10
15	0	0	7	26
16	2	4	0	27
//
//
NA NDT80
PO       A       	C       	G       	T
0	4		0		2		0			A
1	3		2		0		1			A
2	0		6		0		0			C
3	5		0		1		0			A
4	0		6		0		0			C
5	6		0		0		0			A
6	6		0		0		0			A
7	6		0		0		0			A
8	3		0		0		3			W
//
//
NA YHP1
PO         A          C          G          T       cons         inf
01      0.25      10.24       2.00       1.71          C        0.79
02      2.25       0.21      11.34       0.61          G        1.03
03      0.29       1.26       4.82       7.55          T        0.56
04      0.31       1.32       0.86      11.53          T        1.08
05      1.94       0.45       3.40       8.39          T        0.51
06     10.79       0.24       0.73       2.30          A        0.96
07      5.03       3.67       0.59       4.95          H        0.24
08      3.72       8.41       0.16       1.70          C        0.61
09      0.63       5.34       3.14       5.03          B        0.26
10      0.91      10.06       0.59       3.25          C        0.71
11      7.69       0.97       3.18       2.14          A        0.36
12     11.95       0.90       0.53       0.75          A        1.14
13     10.99       1.26       1.24       0.67          A        0.89
14      4.71       1.76       5.40       4.11          D        0.10
15      4.04       0.93       6.14       3.24          D        0.22
//
//
NA DAT1
PO         A          C          G          T       cons         inf
01     17.44       0.60       5.34       3.38          A        0.63
02      1.10       1.71       1.76      20.46          T        1.03
03      3.79       3.59       2.94      15.52          T        0.40
04     11.70       1.33      12.31       1.39          R        0.53
05      0.20      10.94       0.15      13.93          T        0.90
06      0.00       1.80       0.31      22.72          T        1.53
07      0.85       9.30       0.16      16.69          T        0.84
08     18.42       0.79       5.72       0.61          A        0.89
09     13.60       2.88       8.50       1.82          R        0.37
10     12.60       2.04       2.44       8.72          W        0.35
11      9.06       3.87       5.94       6.47          N        0.06
12     11.28       5.06       2.62       7.07          H        0.17
13     10.44       2.55       4.21       8.29          D        0.18
14      0.65       5.30       0.07      20.52          T        1.10
15      7.23       3.18       5.03      10.03          D        0.12
//
//
NA HAC1
PO         A          C          G          T       cons         inf
01      1.82       0.06       0.00      21.29          T        1.58
02     18.39       0.00       0.45       4.80          A        1.14
03      0.00      20.21       0.00       4.07          C        1.35
04      0.00       0.00      23.17       0.00          G        2.00
05      0.00       3.92       0.00      19.49          T        1.35
06      0.00       0.28      22.96       0.00          G        1.91
07      0.10       0.00       6.57      16.51          T        1.10
08      0.00      11.44       0.00      12.78          T        1.00
//
//
NA YER184C
PO         A          C          G          T       cons         inf
01      0.75       0.66       1.52       4.06          T        0.40
02      4.69       0.00       1.54       0.15          A        1.05
03      2.65       1.24       1.88       0.65          V        0.16
04      4.24       0.22       2.48       0.06          A        0.82
05      5.85       0.00       0.37       0.15          A        1.52
06      1.48       2.60       0.22       2.35          H        0.30
07      0.80       2.47       3.19       0.07          S        0.53
08      0.15       5.64       0.38       0.26          C        1.29
09      0.65       0.26       4.05       1.62          G        0.56
10      1.21       2.15       0.16       3.03          Y        0.38
11      5.25       0.72       0.00       0.42          A        1.15
12      4.23       0.41       1.10       1.03          A        0.49
13      4.60       0.37       0.40       1.36          A        0.69
14      4.14       0.60       0.42       1.64          A        0.51
15      0.97       0.77       0.30       4.59          T        0.66
//
//
NA SRD1
PO         A          C          G          T       cons         inf
01      3.97       0.90       1.15       6.87          T        0.41
02      0.00       1.38       0.00      11.75          T        1.51
03      0.00       4.08       0.00       9.73          T        1.12
04      1.14      11.51       0.00       0.00          C        1.56
05      0.31       4.80       7.55       0.00          G        0.90
06      0.00       0.89      11.44       0.51          G        1.40
07     10.42       0.00       2.63       0.00          A        1.28
08      0.95       1.21      10.74       0.77          G        0.92
09     11.19       0.00       0.06       1.41          A        1.46
10      0.00       1.29       0.31      11.48          T        1.38
11     11.65       0.93       0.00       0.08          A        1.57
12      8.72       3.94       0.31       0.00          A        0.97
13      3.55       0.08       1.42       7.81          T        0.66
14      2.62       1.69       3.58       5.59          N        0.13
15      0.00       4.24       2.82       6.07          Y        0.48
//
//
NA ZMS1
PO         A          C          G          T       cons         inf
01      2.78       0.30       0.29       1.15          A        0.55
02      0.55       3.65       0.13       0.17          C        1.05
03      1.50       0.12       2.35       0.78          R        0.41
04      0.00       0.33       1.12       2.94          T        0.83
05      2.24       0.24       1.60       0.35          R        0.45
06      3.53       0.01       0.13       0.74          A        1.15
07      0.46       0.24       3.37       0.51          G        0.77
08      0.32       1.94       1.68       0.61          S        0.29
09      0.26       3.56       0.00       0.59          C        1.12
10      0.43       2.16       0.48       1.47          Y        0.30
11      3.41       0.54       0.01       0.44          A        0.99
12      3.21       0.01       1.08       0.10          A        1.02
13      4.35       0.01       0.00       0.00          A        1.97
14      3.41       0.00       0.01       0.94          A        1.22
15      3.22       0.00       0.46       0.82          A        0.87
//
//
NA RRPE
PO      A       C       G       T       cons
01      7       0       0       19      T
02      0       0       26      0       G
03      26      0       0       0       A
04      26      0       0       0       A
05      26      0       0       0       A
06      25      0       0       2       A
07      19      0       0       7       A
08      6       0       0       20      T
09      0       0       0       26      T
10      0       0       0       26      T
//
