//
NA REST.p3
POS	A	C	G	T
01	35.809	32.913	90.090	223.993	
02	8.474	42.468	24.294	307.570	
03	10.071	358.368	3.102	11.266	
04	376.282	1.003	5.521	0.500	
05	8.358	1.002	373.446	0.500	
06	22.661	263.979	61.623	34.543	
07	380.799	0.500	1.004	1.003	
08	0.500	382.805	0.501	0.500	
09	5.539	358.930	1.293	17.043	
10	221.759	37.682	55.111	68.254	
11	50.811	120.250	29.569	182.176	
12	6.014	0.995	375.796	0.500	
13	5.014	0.500	376.798	0.994	
14	347.872	23.927	1.990	9.015	
15	3.421	305.604	58.752	15.029	
16	380.823	1.003	0.503	0.977	
17	5.999	1.981	371.822	3.003	
18	39.927	258.682	40.065	44.132	
19	79.159	6.953	179.818	116.876	
20	50.055	225.383	80.331	27.036	
21	32.443	300.076	3.008	47.279	
//
//
NA	E2F1..5.p2
PO	A	C	G	T
1	0.918582	10.156214	5.230244	431.169229
2	3.46081	25.329755	7.636968	411.046736
3	0	3.227924	0	444.246345
4	0.828972	174.064174	269.220764	3.360359
5	0	84.324077	363.150192	0
6	2.598057	444.00102	0.875192	0
7	0.815621	0.854397	434.249419	11.554832
8	0	417.607644	25.638194	4.228431
//
//
NA	SNAI1..3.p2
PO	A	C	G	T
1	0	99.228536	0	0
2	99.228536	0	0	0
3	0	0	99.228536	0
4	0	0	99.228536	0
5	0	0	0	99.228536
6	0	0	99.228536	0
//
