425.873245717	480.941088667	330.894987356	737.704846675
718.634758607	265.605274048	847.083798627	285.552896817
377.419958831	463.96115883	739.455447062	271.817175947
719.322414423	768.23432039	755.70505098	404.994782689
394.987502749	380.085191827	720.694689902	776.727549305
402.594003405	741.595939137	349.960417084	447.482297752
426.005680368	768.041055298	321.055417096	722.015449709
325.453965784	734.821185865	403.701280458	3.19005617363
304.522325603	436.361318186	615.700509923	668.258286641
374.05276498	499.278200461	761.821136528	721.619674909
287.745026429	743.635143078	719.948938136	385.39370809
462.97043783	667.460755087	361.440020671	750.197426836
750.513389801	151.536307919	680.452988381	768.412377101
652.571703673	747.70994422	376.558081446	900.384476592
334.181549714	772.959739055	727.315662107	344.370925718
351.03201606	769.305892652	709.008405679	440.832907083
419.001011292	765.117680447	314.954461411	725.048641452
727.113315694	-7.41674758231	382.860112714	833.799357592
462.682147656	763.203227972	354.026933116	680.760104095
461.445790186	739.290727528	388.497773064	292.141654705
346.051806445	432.652022499	765.105719124	723.658309415
406.362580466	809.576029292	825.910640932	729.033720943
753.844657901	-6289.93479117	638.604558025	153.072900529
-5926.60576727	-25879.4455424	697.862640099	303.007072878
685.656304334	801.81103605	725.121684971	385.992849165
450.859815716	341.409209205	701.29393109	766.982125026
60.1793931479	968.147022396	7.48331612292	736.242377266
438.975021629	358.231184488	324.974304042	734.60362966
755.841108745	319.783922778	418.146823436	692.385118648
695.915064416	770.106009337	-2072.54582758	-1353.04392234
431.350017222	766.338180691	687.5570022	324.541780029
348.523572476	741.589461382	729.212199504	454.216642034
379.878937705	681.624589499	761.789023209	645.266329857
280.566368465	730.493988792	401.203759877	814.040500328
739.469856987	786.516395009	637.313339065	384.765443254
406.086898279	293.221175266	796.95619345	728.963045603
490.315688015	728.632644355	365.14120915	749.418973052
396.817649658	916.135415016	802.495493853	711.955846245
705.102369323	776.678479876	485.704213913	369.75675943
723.147086842	647.543662427	513.916482986	947.031988653
818.798391896	758.949228983	661.682949597	388.410348413
371.278234277	475.411635134	761.865644001	715.583026195
673.512327799	-2341.18684028	337.7132266	765.114640818
448.310475144	357.443776763	725.120428326	776.028929576
643.91215309	230.546859306	749.419204264	385.746371808
595.519137577	744.254487281	753.176394425	-672.096028966
774.186392754	419.044269296	315.089758534	703.434557445
407.632722107	711.014882545	788.444340169	729.204988881
133.352115058	309.335997685	418.089660415	735.347369085
821.20505482	780.727471437	397.289339524	702.855825897
735.656424765	387.484153627	587.068097475	856.764156254
766.400549524	424.752444597	356.686949018	657.100709932
802.652371362	199.892868386	266.207436378	672.739931467
250.524862869	684.025806903	747.411877272	392.106905786
377.373960721	740.707276827	555.696236178	364.292790797
759.973249524	389.847758807	700.267320389	763.466903753
353.641855829	705.678481094	458.500937601	769.158316842
352.667358892	786.187232889	449.295134113	729.545420452
741.752240449	697.780461936	769.653027248	378.301446891
488.860017514	364.134364597	732.767735977	800.042520555
324.210528633	734.376671251	534.088837355	442.138312192
637.484042749	446.17609385	748.114294132	356.202113152
692.667371179	354.109600918	727.869629223	591.549028989
537.74505846	637.121851273	349.127547581	699.797455596
813.335066463	724.219799161	656.465980671	443.482856647
415.833132074	308.978675354	735.542102571	966.545484752
733.286029427	787.61602428	463.137583157	348.85365561
275.02667686	745.961450031	248.488005234	497.24357645
777.82220152	702.569851397	247.898817105	380.231767253
355.467246167	131.170368032	448.070537244	747.524282484
751.973836476	686.804750774	362.938192726	108.93873105
374.737176367	693.18653003	772.240707323	759.621339566
753.630228281	1.0	580.607767886	347.764293567
1.0	278.370233209	735.69678653	668.125498752
1.0	732.728151705	396.282091561	258.107395623
378.398774554	731.867347991	1.0	1.0
998.108211451	388.893980112	662.166350315	741.718270517
393.947502353	723.785957417	1004.22072331	760.673416788
383.148594741	486.133899465	736.882087147	275.530295678
385.574287665	698.635478746	709.365950224	342.28116319
779.952100906	696.599521785	143.749776157	1.0
847.96622016	711.388279481	394.560466941	778.734261604
735.297559797	976.676321286	325.068150728	434.428301705
707.516050129	706.903279982	383.656896254	869.035516876
658.610912139	223.76101019	389.345226841	747.831556168
663.521176537	784.325286156	739.871930419	390.019009419
767.52823634	685.170798331	400.504585134	773.116868274
611.563193544	736.970795771	652.848128354	388.955319875
410.886649026	727.589902362	740.200173434	303.856026698
736.679265068	441.047337303	341.608931979	489.924026488
387.408482989	602.70841783	874.986143993	739.074123357
409.429386177	972.194818998	309.777396474	735.396852287
1.0	393.4888823	732.333808692	725.817163449
818.310705256	993.18951188	733.605828036	394.33821141
546.973551356	364.45585146	722.37642763	640.219719665
314.538668072	736.139911839	1.0	421.8063105
397.264295654	288.796845953	706.373236909	745.094975388
393.710304003	751.162012959	733.706872284	242.720560799
689.683230436	776.214805907	393.414569323	974.451589504
323.381066943	429.420578418	638.694449275	759.084870848
1.0	678.5544488	247.610486733	359.732219433
167.532983786	815.774766352	512.844595299	1.0
737.704670342	1.0	257.405665838	400.364264205
412.11234594	658.874699241	768.824029024	342.210372855
319.066759428	686.578941139	772.473765237	427.002082841
275.314978057	736.778925924	365.983519125	450.888895663
773.999166388	1.0	390.790229627	696.959861839
641.229942981	752.860550513	447.005113247	373.482868052
874.066017726	356.930566219	471.847352746	730.419980307
248.021840157	703.129200022	731.813772796	319.22339024
1.0	477.520740806	725.784059746	1.0
670.732105919	765.48964097	383.919063311	896.353154394
735.305873922	289.709208605	1.0	403.579417606
398.969368595	359.275518244	731.072542716	888.779303599
740.368559923	1.0	356.02633792	459.567026966
345.536401475	763.500490331	670.022760133	169.541318461
407.83200762	1.0	735.746722495	307.402497619
594.791876822	378.605596698	649.739012377	754.930965353
1.0	739.709017342	385.871973642	351.84185219
364.309849309	421.274433187	749.888533024	680.761250064
702.484948261	842.536793781	396.527439845	718.926069943
699.472734568	654.881315372	749.834854431	461.304691327
632.835887389	755.606181566	741.022948276	548.512698731
362.840058473	748.263495089	604.965240523	823.204537011
731.049027354	681.76737752	1.0	1.0
661.512729571	347.821188648	1.0	677.4703236
102.726089611	738.771824647	417.141582527	221.748658431
536.112600297	759.738023809	659.438259835	370.786346847
733.089395426	1.0	380.234966967	1.0
380.106705176	1.0	733.133849603	1.0
358.93153497	311.831352718	596.055607787	759.762784192
780.01787326	1.0	1.0	640.340789924
1.0	1.0	277.73859299	731.449801949
311.773681667	691.796193604	337.254055631	818.36430942
120.306488835	546.89032789	766.140939117	325.965130507
776.23206936	400.813167844	725.317159852	279.251820101
657.562232408	747.805809209	782.713881114	796.186331961
674.822162056	394.060157216	757.057810267	275.41193984
1.0	412.84884056	736.588704132	311.652292262
620.589956624	650.747100054	540.914359715	764.307753299
459.83973513	381.970029444	739.266940439	282.525492438
709.936453985	790.120673191	784.590164598	407.455914539
765.620885363	349.363454736	434.169927998	723.885460228
712.976759461	421.449615563	743.685391252	318.727837551
397.583243615	326.189588815	431.573886677	737.695685572
732.895154361	420.816964128	864.369824303	321.583134409
726.762094208	342.584741717	751.567315259	446.078855282
738.047810901	1.0	188.654773984	110.065868078
1.0	73.7557361463	735.507063482	392.076971217
743.780771964	347.135214884	332.022279177	565.053015346
671.555166757	463.312941468	362.469275091	766.336442924
898.659145648	732.059901617	255.478685201	398.256957558
837.707639264	685.757358799	766.129114975	389.940347194
392.637396132	248.614595637	696.584305894	775.132734993
734.834583192	379.462909611	818.137710498	678.901017055
1.0	763.016648825	389.687207163	633.055417466
489.336886741	617.541672597	219.201248826	330.330661736
751.438535445	352.448781334	365.849072357	611.474188049
235.178799739	1.0	1.0	752.102054541
685.138682861	505.012210975	390.0219	728.217114012
1.0	736.328112819	352.114164947	438.764031226
256.764186747	293.671382781	698.49294178	804.832183864
821.307443656	324.552256579	396.700415754	717.400269961
151.099546512	653.619668836	721.751595539	722.272078964
368.389328545	705.157907342	734.125055613	318.635659277
726.433460739	260.473816609	718.381488744	395.60154519
429.151923476	318.815683272	818.717950719	720.732883401
302.064152803	411.471111427	741.224349461	724.731980502
449.946861481	391.279999155	741.634438375	339.711378589
366.098500007	733.504431642	366.558972537	826.077846588
384.904563536	759.564511785	852.943007367	707.234139152
398.08809244	716.443815509	811.249708239	844.796106354
1.0	1.0	388.4566414	735.356030066
360.234849445	334.917250414	747.441391883	548.663273102
1.0	364.949621552	689.785073246	575.116363237
420.771446608	737.112158863	330.627298916	59.0768196509
680.481217203	380.77542584	739.182876987	660.820646426
736.221338003	1.0	297.816769327	407.58478484
445.288672248	735.057595328	348.252659617	362.180516355
427.524445897	694.251681152	350.035850432	757.801477182
736.541454102	1.0	1.0	392.081909414
398.406359601	423.288736964	325.643707232	735.4283869
736.057907162	296.418064194	386.553779384	464.010105797
736.385859408	411.769783542	308.293500071	1.0
775.054718317	648.394089014	747.409116807	391.429033121
431.88727533	325.700221223	653.746498563	752.889402656
369.641927866	395.014547442	763.438048876	730.650912591
376.185416097	719.547084135	603.178633999	776.380496975
495.567237449	372.672553409	725.590656758	765.476110523
802.729282647	418.617999299	728.602664738	304.790793642
722.941085554	413.384828384	296.036106829	702.350208081
376.057027488	759.813269911	680.789781285	453.587108782
828.819386452	398.412333619	729.209173117	850.673444641
894.447736888	394.397027717	734.94662031	716.309324801
706.300158566	771.921639451	385.810506899	670.30086519
382.495011395	479.751783747	759.415628844	659.547803561
744.718677894	777.203536105	703.363060114	394.031397443
135.061222837	730.649278786	396.973324796	846.434811172
683.335575966	902.281141408	391.795927483	777.002457566
390.807626575	1.0	770.071042077	686.917742242
294.587373763	1.0	196.45100096	734.474136255
393.547032141	747.590526366	873.527150332	637.313528213
359.309551548	481.487114603	701.471011167	774.0133923
389.981664602	1.0	1.0	735.864644006
416.4334062	792.927524062	711.306886589	336.256295197
1.0	677.899526354	771.134695745	384.406932547
263.050875278	743.586713309	435.72202735	293.163176761
347.827766378	452.536816041	674.856239454	723.958810396
1.0	388.310377567	717.777324225	824.752488916
1.0	427.026677925	701.363112646	659.73393712
315.132023342	1.0	729.808591582	473.799185185
352.352858237	475.803400439	726.052114451	776.403255081
640.050364809	750.740679109	388.115046509	791.64920069
1.0	733.949456064	392.449098397	118.155427507
663.03254393	211.124333908	378.210432718	755.463071795
820.216169442	718.609899232	73.2948406504	396.306232771
308.838908263	29.7640559936	409.598832929	733.490150402
410.692374292	779.654225307	352.999143674	708.021962438
309.578614101	690.048043609	391.695223224	787.632972142
445.591202143	776.450570073	681.427658135	337.678751344
734.089848048	251.842323768	396.527823439	1.0
734.21180498	446.295851255	310.470774183	751.848007247
533.736587779	737.198266774	900.075558738	370.660277076
733.933112858	332.661561451	398.719534816	931.110118474
683.762878841	787.565416439	316.65778634	375.898460223
740.488893178	345.96562449	449.999670853	1.0
669.151024667	1.0	391.389605294	769.643044251
49.5985611344	774.723654639	352.045752559	686.090165688
1.0	741.311533963	457.410911637	344.679773764
1.0	1.0	1.0	1.0
465.169064276	1.0	688.630446638	684.701718481
1.0	405.676962428	290.797815745	734.291639702
719.33621582	711.849411436	459.994810513	344.412283861
755.991289833	12.8155655863	598.91675825	359.990322523
661.296469058	622.7198723	357.459317589	745.60690998	613.861256257
795.176870797	373.27035611	765.188427053	45.5268353906	654.543743833
694.793128962	432.191546855	706.362348796	346.15794656	768.629730446
396.613946807	760.725874001	699.06178138	238.389097356	808.792104101
776.376263102	601.208293254	749.584039102	380.37423666	702.770112366
762.794135521	847.812378298	383.954186847	650.895622242	261.410163223
199.650558042	396.036729136	714.389405231	345.662353917	686.432193469
22.1911575196	850.115280167	463.824608726	341.526357338	731.748219056
734.302095972	1.0	1.0	399.134883869	289.654444651
552.521928855	889.096893785	331.32061708	353.023467759	740.130504938
356.991974328	812.608948837	550.00409173	724.649580864	27.9376506858
747.525158131	1.0	650.671614856	402.710046518	672.682320619
311.382472004	394.265864877	438.992759033	973.879326728	736.72188087
522.653209771	694.167847039	366.718042069	548.791096144	702.734905354
801.853801016	735.354480242	481.166971558	666.617224944	366.540388192
1.0	396.667101214	1.0	704.78194739	713.833090436
386.166640016	696.565652329	943.490923987	315.190962445	779.861741372
74.7621432716	325.088092068	1.0	312.249430112	318.134044619
420.154367151	682.490956629	322.352922306	792.633498596	1.0
235.402550624	570.123829458	745.305460158	284.028056742	381.519743989
691.497672045	1.0	1.0	1.0	790.132862262	388.977501775	1.0	302.936908359	1.0	1.0
919.25188865	699.608650619	384.389357907	275.08090978	463.405330244	739.010510267	518.193495331	673.521207904	88.0303372487	692.766417437
867.176697807	594.083650789	716.34700831	194.179965932	1.0	363.652153507	750.639791946	665.702452046	268.653411739	305.864029923
800.552860244	387.484991059	349.819743146	242.095343006	527.36888297	668.069782579	93.6438113078	1.0	583.080683303	617.033151365
479.768342837	738.080798794	847.793985072	606.671732018	1.0	456.072133357	315.607391363	420.703897067	756.153289169	591.632853137
539.277886585	205.872214841	1.0	682.270247109	763.630255037	1.0	1.0	737.964970383	269.483233343	411.616134552
837.281692104	500.112495425	373.237759045	362.362380494	704.576000542	47.6334727213	852.29364983	572.082298864	108.119679454	233.214698146
234.529834086	1.0	753.500945159	704.397663689	666.275645603	888.613514086	582.651055663	536.797699461	638.26273105	667.299336931
1.0	815.234490735	672.946213452	348.284574139	1.0	259.186195385	699.668443905	692.182486089	782.722256425	296.218928667
342.31035448	1.0	64.3406087754	547.544876323	1.0	34.1581026159	453.522013744	1.0	1.0	1.0
725.433279854	1.0	1.0	820.279118274	392.246284772	39.4455437383	1.0	1.0	1.0	1.0
1.0	710.381158993	698.090411043	508.269168076	432.650022811	1.0	325.770483193	1.0	445.560244599	1.0
1.0	291.418088227	371.379256277	766.006887311	627.430714407	421.445318033	33.3472422017	1.0	327.867422209	1.0
101.700867948	794.660148525	909.176879391	670.214016482	356.485158131	1.0	460.122260751	729.21842419	318.587272012	1.0
170.846347313	157.048389409	461.172843704	904.66807835	1.0	743.51966645	688.069706839	723.585753181	801.541069916	848.573632443
434.556347	842.073911618	258.319132253	694.324256988	276.856317106	771.812059388	673.402166311	727.224836958	662.292878485	31.5006090257
641.973486811	815.235269152	702.271680476	694.38560936	720.862993499	1.0	131.532219033	306.592360363	1.0	394.220388367
587.336015608	633.320783827	215.33900691	722.211521399	792.488036823	755.665485708	334.940270952	340.809864906	193.460681201	964.856589653
716.880764678	231.388056705	849.560598601	206.595488873	810.182352984	569.323741752	445.441142122	792.084099036	252.118250902	723.719148616
323.566379182	553.27480703	390.755733423	609.173853613	245.611768772	770.367513843	420.988429713	683.306030373	812.511779148	1030.1059914
315.278284393	457.711942957	1.0	171.702079782	1.0	1.0	748.289757885	1.0	578.666796937	72.8452422023
484.101584146	795.730832479	607.772046413	848.031057421	664.500798165	343.396638848	798.986698623	416.221246946	724.421931326	280.647708066
1.0	782.812030729	496.522807525	1.0	408.604406829	1.0	311.214025424	739.209863113	647.128135853	1.0
247.391534058	709.180067145	379.80937015	559.187782629	123.861159611	806.420020738	34.0861557518	915.752558462	150.937237753	834.010599737
1.0	668.388027236	870.895346488	356.90202753	653.406775985	472.702517394	1.0	1.0	1.0	772.738385061
762.148706598	798.618611279	601.612617104	678.69887059	360.046504457	922.078155907	323.886862806	523.770674384	1028.03145916	369.440484916
404.344890511	682.198088648	1.0	346.137440589	1017.27245099	779.275057333	1.0	898.337258259	382.216517224	250.048603485
384.84592347	746.349430535	939.114286699	651.899518235	382.382082941	521.43228183	271.953183922	327.586719806	751.669695824	1.0
341.738970305	293.811662486	505.830358385	379.845001627	789.599906716	582.519405429	1.0	109.586691642	690.618284573	333.60894377
642.525887107	939.45829805	697.265922874	322.050829935	764.13628786	559.695042663	401.511616054	194.391794428	624.758710671	614.700444403
327.715183261	630.689242946	1.0	730.985395474	41.4225219477	1.0	1.0	1.0	482.060930836	784.175595426
373.848229495	896.539930247	560.155222454	922.062683841	975.336405199	333.907905038	616.754666545	95.2182828598	442.468722518	612.185703675
1.0	1.0	1.0	464.77246892	360.002435567	230.047448217	1.0	692.094533793	762.099786909	1.0
878.067222948	16.2268200778	1.0	382.422707414	433.384069097	122.131007347	663.828611824	774.795248306	725.579831844	294.060511046
635.097962148	774.484131043	1.0	341.855797795	277.220797974	615.20850959	428.383748857	387.540821446	368.452103429	733.211577318
206.64242972	392.495868826	686.502797611	1.0	773.475846421	903.325798593	1.0	1.0	511.602178852	309.10706329
1.0	345.166458449	1.0	739.35106243	1.0	1.0	437.802955451	1.0	1.0	1.0
697.950446025	1.0	588.854725207	707.506430132	1.0	796.705035852	60.5910010357	1.0	405.399219635	1.0
375.532342914	444.223459313	1.0	1.0	283.807011258	602.316219998	552.714384421	1.0	1.0	768.906130056
338.183833899	1.0	530.381791749	705.265208083	1.0	1.0	766.25126232	899.193697199	789.27268246	383.673861429
679.524732329	347.199943781	432.839814618	784.744675882	428.767492253
752.951426549	207.402125115	382.633828756	1.0	68.4074551757
1.0	388.977534208	1.0	1.0	735.623044301
350.434488649	123.521386214	456.815085677	820.53552553	723.565107062
753.590196332	635.587098289	379.4056539	239.47734966	1.0
725.811245063	440.096310769	338.009778972	1.0	758.801349626
755.210966666	726.478418434	299.339330113	734.910696402	420.110939373
418.234820598	62.1379665574	752.618230279	713.177660474	314.483327379
742.490987994	985.797023431	363.117079561	325.574309047	502.962460524
694.612591869	1.0	335.37282872	616.325654368	729.221163495
370.132371305	740.347830701	694.082048073	493.193436467	1.0
749.653032638	496.557069044	716.522503432	764.861196975	364.247249215
388.537368258	729.804572523	287.417243786	482.285109864	763.066614148
1.0	738.377936841	437.431713174	360.066644557	242.431611064
720.825591308	383.523713262	510.849369055	281.236516344	785.894588768
736.23351657	417.350641383	1.0	1.0	310.830879706
913.677572395	388.086546924	539.481565468	720.85086534	1.0
311.572154715	404.466539965	726.730216459	498.20460537	769.401783968
1.0	677.88212165	1.0	766.770158944	269.378776241
349.081973024	430.682895329	659.796653916	271.228092216	755.967103082
732.943786713	384.800479481	1.0	1.0	2.74152767396
717.240374534	314.806862843	630.539505706	420.312227839	784.178885337
154.778106563	508.714741418	689.025185602	699.814340904	268.877364434
568.515340234	902.576538072	745.44911852	355.707892395	352.68838826
1.0	1.0	735.620122334	1.0	388.992815929
332.374967398	675.876584047	749.622718658	1.0	429.29417747
880.828977881	697.124118623	920.878542137	795.949895941	413.335045018
756.175300426	614.649827242	334.858626152	682.781891639	391.981899426
864.730737582	706.984548332	383.494780005	664.395950185	949.002878216
372.291252353	718.597341586	1.0	504.985694986	769.408088507
189.929058491	397.335619515	733.836723182	363.82855822
420.293888219	312.027879439	775.070866955	694.47835563
462.808934783	709.251368886	356.774871701	786.731998582
482.117872954	763.891485606	363.835158822	730.531956196
792.151586552	398.008460795	729.673349301	785.46012731
390.748065906	692.855716121	772.238277705	1.0
327.617906002	435.057560079	714.615912493	793.013789947
304.426544088	1.0	407.763112087	736.169876395
735.314814245	402.518631047	1.0	282.902239692
634.412999875	724.672376004	429.331716217	386.799713973
282.931941432	380.426925013	61.2986468213	509.079885725
589.240045722	308.913329823	318.623658605	432.503478381
562.948813914	257.64683065	454.946203953	349.041444695
271.206486532	468.685949925	375.916972838	295.682856468
502.541255073	342.585318262	430.913905013	243.341922521
274.679143149	514.741065263	374.215417807	366.048792286
375.430193889	79.6230086259	323.176393703	487.717249601
582.696856702	457.045604115	291.174853132	365.5689131
435.028322633	337.605655	1.0	281.280536831
121.020982494	1.0	252.595100388	396.564153216
280.884155573	75.8627905009	466.937238727	317.917769323
500.485688777	83.3733514135	271.393291957	376.272865035
270.412188669	83.0710004107	501.011521912	375.40000272
314.885830301	499.966878096	94.7458588453	387.052398032
375.399961158	270.412145791	501.011542084	83.0709876299
357.298415042	502.697075709	271.676475925	394.029019576
270.412194707	83.0710022104	375.400008572	501.011519072
330.92065108	503.006782167	374.513412626	258.150192453
490.524840422	500.725172845	378.020395404	273.529664701
287.631409038	406.180122507	410.688384689	514.635337416
380.752903018	439.175541652	439.534862632	1.0
440.492740497	437.269285066	1.0	1.0
1.0	439.843685951	437.568783857	1.0
436.357371274	1.0	440.544741634	1.0
411.128765127	435.841504645	440.707516901	1.0
451.898943355	345.534775863	1.0	336.060194901
414.830857005	234.944954882	419.908203244	459.587321139
438.107385634	433.890170714	434.329633514	429.645280555
436.374576552	1.0	436.031236836	443.329231155
1.0	1.0	440.133339439	1.0
442.027093788	409.978681306	306.39173633	439.222957353
430.738493773	438.494498589	1.0	1.0
1.0	1.0	440.574996121	437.890619951
396.552870164	1.0	446.745078844	429.833194208
440.94933528	438.360047286	424.838348751	1.0
1.0	440.595597489	435.433299487	1.0
434.708085208	1.0	433.727462025	418.534742938
432.376150648	1.0	389.628957051	440.70583211
1.0	25.9592112402	440.136233441	1.0
439.742892347	434.740919018	1.0	435.670219019
440.6648028	437.155233762	1.0	395.19814736
1.0	1.0	440.126430783	1.0
440.833923881	1.0	412.000744696	438.795204868
441.889988229	1.0	434.1346241	436.712706378
437.240517903	1.0	52.3740293704	440.373183096
17.522022484	441.566653886	431.316314114	421.680282243
430.818065937	416.441071646	439.045623871	405.680398388
423.271566556	1.0	439.585405667	439.493377626
1.0	440.590501684	437.628644864	1.0
1.0	442.296831478	436.20820405	438.66813497
438.297205746	1.0	313.287105265	402.27726051
440.979597825	423.870882898	433.668038874	404.880143348
1.0	1.0	440.45658209	426.527753625
435.621444395	439.52928453	434.634350068	1.0
442.839718616	434.419884989	437.945637451	427.09869637
1.0	1.0	1.0	440.124830908
442.553141392	436.194691822	431.767338031	418.53402822
432.28643328	442.214035326	427.077807136	1.0
431.936858993	440.236600516	437.351508243	1.0
437.744376144	440.149480208	1.0	1.0
2627.10497009	2184.3602898	2082.74495305	1045.2653659
2154.99951665	2239.56362176	2464.55394075	2686.79257055
2151.52335427	1041.79577287	2165.61649057	4197.9478352
2074.3455771	2199.95503321	2507.60006234	2768.15338223
2882.40485449	2031.67310451	2170.52704033	2564.52015744
2577.38158704	2936.78943851	1045.77356837	2159.1192865
2621.70458788	2160.12213144	853.456451373	1070.53475291
1045.27451278	2197.98747475	2112.22101934	2635.52513458
3866.97434871	3955.41987802	1048.54414284	2161.52522921
2159.21721684	3834.91422186	2543.11796885	2816.22940735
2160.77110637	1844.5196768	2554.87909264	2798.03071245
2158.86450078	2535.23068447	2774.38950381	3003.54293592
2178.34368522	2042.32977558	2539.67161147	2773.28448099
2625.84087731	1135.89114373	975.237292878	2160.11933125
2553.60931286	2357.28074702	2609.37591042	2160.4260016
1763.56957813	1040.96649628	2626.41361823	2160.55862915
1677.36896019	2143.86817687	2370.64889355	2235.84377148
1945.93750215	1067.88472491	1.0	2068.45277662
2168.54935587	1041.78843238	1982.27931212	2586.51838448
2157.4812655	1044.31964266	2779.62995663	2504.28097668
2154.0037703	1024.499577	1096.19880007	2431.72434035
1039.38841698	2157.95026649	2836.45984949	2546.14033521
705.209222345	2332.2604955	872.424571745	2155.37110622
2072.16872078	1037.91113597	2616.03158122	2185.59877885
2746.56115137	2427.4071365	2897.90257682	2154.79781529
1.0	237.23706417	2154.32090716	646.893142806
1.0	2158.09424646	1.0	1.0
1775.04448125	1589.96232515	2146.97707047	2288.5586707
1.0	1.0	1.0	1.0
212.658231467	1926.10377836	1957.93308533	2137.74865046
2585.48377499	1046.37634918	2151.63397115	2074.04107744
2564.93778706	2202.83971652	2146.64124994	2740.93657259
993.732413739	2160.55825223	4016.18493381	1172.95980151
2126.42387724	2557.89818897	2219.54497203	3743.16527985
2159.48038414	1.0	2596.41885758	1.0
1.0	2169.04632284	1973.97696466	1033.55305164
1008.77436768	826.583974063	2818.40257037	2160.34594877
869.528476645	528.245013491	991.776583868	2159.26117449
1037.96148403	2152.59945303	2670.40957708	2209.39169769
810.843698593	1.0	2130.21780654	2135.72066172
2199.3310514	1893.66041509	2100.71360282	1045.42117287
2159.64075432	2822.8923198	2567.67449242	3042.90344315
2579.88115628	2159.28798456	1046.42774514	2937.94139964
3042.90127102	2567.67847337	2159.64083269	2822.8929646
2186.05352504	2066.35461753	1858.20703935	1045.40986643
1884.54331292	1045.26266139	2617.73595077	2163.47635253
2536.08749873	2991.16316753	2758.1233031	2159.00819527
1.0	1105.39809955	2610.12504162	1.0
2613.63897941	2160.00594153	1045.40562636	4220.10559133
1044.54520236	2164.04134885	4221.23240293	1885.8781512
2619.6599948	2160.22006332	4228.96134188	1045.99411406
2938.22355407	1046.42439936	2580.00594166	2159.29060893
3287.85307801	1029.03621957	3971.94435941	3323.37847925
2555.92430112	3427.8184881	4155.9505814	4129.62315777
2190.86296648	2065.32295431	2606.12573808	4779.83076869
1029.15687412	4228.71321994	4494.86345513	3956.48670511
2567.53528263	3042.8804313	2159.63700088	2822.83272381
1043.8923652	4227.97194282	3959.04077157	2161.35197418
4221.33733111	3048.2786992	1468.14795148	3961.22537427
4227.96025196	3967.47674191	2049.70227291	2176.29893466
2160.21038408	986.666625583	1153.34020546	2621.30585917
2567.36478562	2159.62993708	2822.71122951	3042.61566468
4224.20795896	4506.01053695	1046.23814962	2161.35314385
2161.35474576	3303.26277516	3588.27050862	4472.59343359
2160.21852204	2619.76943622	1045.96408396	4229.02695517
3961.65885821	4211.93284747	4405.94474951	2161.30011826
3041.73388489	3343.48017109	3938.83000143	2161.29046425
275.650625762	451.348570533	545.127972231	360.269338337
541.945257159	282.251332155	369.227181659	459.571175269
544.245133134	361.575206053	452.775243139	276.279644965
543.653484237	455.600864102	364.766694859	278.840669461
368.515576457	281.819963994	542.459162701	458.869223586
787.8483093	260.670998595	267.657270565	401.974478136
933.251841996	330.36622761	781.354675544	636.564520024
969.555978775	375.235535463	310.050029463	774.712762539
747.338569148	895.493170614	346.872826724	748.104012123
736.584664003	339.233995945	826.99025439	837.476548786
786.435885742	330.597395157	951.946717546	630.970080763
793.384056931	386.777395815	586.994206126	302.315323889
842.195444353	748.894380476	333.238841501	601.265132577
332.291081346	917.032568599	778.031814013	651.450492453
984.631457656	1250.0	777.519774442	336.469695157
777.519592638	336.469748389	1250.0	984.630518795
1250.0	984.629952187	336.469805296	777.519475754
688.229220341	370.567679984	807.940195999	317.494513992
848.525687669	949.285770495	959.828382962	762.078808539
793.364806663	333.839824796	784.823196853	564.878819753
792.60451867	579.869318242	300.92800548	383.922326313
642.607845817	331.580602084	917.375242442	776.874144516
865.289279609	768.005118912	719.850035454	960.494621396
331.527292399	642.685078797	902.219915935	771.741332321
380.25387388	793.744546528	298.955035212	588.692757128
915.447167384	331.575640726	776.223570778	642.66338627
