735.627946881	368.513684386	482.749071913	730.164184747
468.792898335	353.290108133	1007.44602617	736.274406796
723.004627896	323.13873949	423.237152388	736.8342497
452.669731951	736.76412964	347.649979588	723.038080186
1013.59200684	385.046982809	686.620370116	740.230850431
394.292084655	706.232588113	1001.29070614	769.887779092
671.838907179	379.021660385	704.347836185	753.525712583
354.512018054	736.222202074	1007.29016843	470.596509586
743.903729331	465.249415496	734.844974542	354.608853327
1004.96822838	791.803710683	724.043372528	394.669308928
719.477489777	676.839584351	382.548892076	758.963385256
394.929223097	1022.57406183	866.166901396	734.150874892
407.132435852	736.736112022	308.64606036	725.396257369
710.380144205	394.47222439	1002.15602439	774.869241056
737.138395488	405.25659944	436.052326846	311.797850322
369.464665843	735.915758093	726.945244087	483.312542036
725.509786626	424.339456682	324.108998355	736.639206798
310.12244646	746.638044239	734.915274193	406.255366454
307.875772602	405.854411107	735.72944212	736.473544599
394.426002896	1004.92283711	732.227964343	802.308669588
813.902549456	382.332978982	723.271018797	728.195486636
478.351913812	367.542353312	737.321640001	717.246701692
722.916156164	453.527546623	348.340054911	736.772433941
393.430673296	819.6405434	704.117198383	769.260521867
788.655834374	1003.6917448	394.466295447	724.969845417
1001.98822439	774.63888678	394.431162383	710.735083979
441.847987792	279.227661678	736.835097556	356.312093678
737.50894276	382.793303243	608.976800059	739.809315137
687.391702807	380.574687014	769.099435214	715.278498546
718.463402398	1002.11592711	778.001315267	394.273675517
1009.4367007	489.829788199	735.861939226	369.378366694
1036.49058713	738.484358805	387.682147803	729.940663904
736.239862269	1006.78253979	463.594432288	349.121102529
1036.27209188	738.503118919	387.742519941	730.050826601
732.754125747	790.362165677	356.155801598	472.414240758
732.770007709	1003.46946695	394.086704326	787.691872089
1006.39165158	334.758646991	736.5858336	442.083795446
431.388495567	735.418929076	739.260624689	328.934727482
382.076926818	826.678753569	720.063769484	733.675337545
1026.00979671	738.549153537	390.106593233	731.921993733
881.792874919	2523.74026116	1055.93333099	2157.75625609
880.205177527	1055.85764339	2523.76647116	2157.75571582
3040.71478096	4235.72610226	2606.63535066	1028.06026334
4248.45002328	2161.7498302	4231.59739469	4463.58616362
3335.93966857	1034.56543155	2157.61161285	2514.60501254
2157.65474576	4230.42868156	2520.39590753	1034.04555955
2158.5113723	4235.41885841	3049.99805811	2630.31877714
2537.67895261	2614.53433277	2143.12333532	2241.39709825
1055.93196937	2523.75160653	881.871740149	2157.75609736
2630.32681017	2158.51198295	3049.99670163	4784.65928793
2520.23507881	1034.03983296	2157.65624853	4230.04665327
1034.08177681	2157.64953524	2520.77809032	4230.02451854
3310.65532679	2157.31459767	3974.94264022	2605.36287084
1799.32456199	2157.31482697	1037.39415557	2621.27984025
2818.43487103	4239.51775452	3977.13148859	2623.86680551
2991.93380604	2159.05891374	2605.82561827	4235.40505409
4230.40132881	2157.65612962	1034.03448383	2520.30020593
2629.25328893	3050.16217936	4235.69935173	2158.43321506
2162.37895894	4235.91413573	1043.62806616	4785.523366
2158.44306479	2629.3917164	3616.65911446	3050.14251721
2520.92396576	2157.64823094	4229.87760266	1034.08265368
4235.52942903	4235.46857684	2162.37895894	1043.62806616
2161.79269085	4235.47518779	4235.43631263	3042.1678888
3155.59253395	1034.66037004	2157.62042812	2501.20536774
1791.62055323	1227.01449839	1024.93620061	2162.76743742
1473.99806401	1033.83376876	2157.45777748	2532.94125926
2520.15201894	2157.63818614	3422.08188597	1034.53429413
2824.35855691	2515.45181094	1034.42308188	2157.76629611
2157.60769022	3335.42213516	1034.58039458	2514.32082255
3050.50708372	1808.21017157	2158.64737768	2626.99492219
3310.55485315	3040.97414754	2161.91994533	1793.81979356
4234.75563656	1028.40370649	4226.62506636	2610.25903061
3113.20272411	2157.6191349	1034.84905198	2477.65471732
1034.14509568	2528.5525473	2158.02871734	2610.57093276
3050.41507929	2034.1745414	2622.69273466	2161.80588795
2158.02884124	2528.55820379	2610.56225763	1034.1450242
4528.0724642	2162.37657408	4268.50515087	1043.67813775
3855.07169623	3063.73748858	4217.3976572	2894.61761202
2158.57587647	3049.86187509	2631.20075728	3312.38352894
2620.72984711	2157.42037492	4235.51833359	1474.82874066
3974.68464127	1034.53485426	2157.63961239	2520.42910254
1033.97691705	2157.65678415	2520.48635777	4228.45123123
1033.98008179	2157.65605256	2520.55019487	4228.34218196
1033.98215044	2157.65587606	2520.55956603	4228.36652435
1034.4223871	2157.64789436	2520.13417044	5154.49134061
1034.40713167	2157.65006782	2519.97688926	5154.50060086
1034.54476349	2157.63821589	2520.53439043	5449.3925044
12.8219440613	2157.43034493	2621.26868845	nan
8.69249509424	2161.79795794	3041.2466463	5493.44837672
12.8195911587	2157.42924586	2621.14745848	nan
2.82478428216	2157.42976541	2621.20482044	5497.33358311
7.89539934061	2157.42902502	2621.12304604	nan
211.128256634	2160.33886434	2603.99401239	nan
69.5988274896	2161.22921666	3041.13686425	5429.16518667
1.0	2160.34053899	2604.09058556	5153.97699177
1.0	2160.34012169	2604.06651059	5428.48213899
1.0	2160.3395337	2604.03259987	5428.49652297
204.313569339	2160.33943963	2604.02717563	5153.98705574
1.43605943539	2033.04288793	2957.21841988	5439.61671668
8.98153710844	2126.34599658	2970.00560127	5409.61923699
212.329030986	2160.30648738	2604.17562341	5427.50774843
212.449487464	2160.30767191	2604.24191623	5427.46711477
26.8060519607	659.790630592	661.381214538	26.6252636656
440.091525592	440.186607542	440.14571883	173.46798378
440.121835614	161.458974731	440.19543278	440.124753489
440.156380219	440.096470194	440.167162178	440.220375571
158.191339113	440.456188003	438.350304066	438.789835677
440.08919119	440.167378971	440.103486608	440.167311464
440.195747172	440.040667572	161.44470994	440.126740965
440.11242814	440.1137012	440.186477607	440.134686889
75.4610866712	226.990187367	440.142851222	626.995567001
54.9115290136	211.470822738	519.911523216	54.3968218086
213.890290151	211.111067546	1027.41263064	5428.43866148
202.641654162	164.721166975	515.904875547	5440.30283077
209.778907269	217.737557901	1027.41041764	5428.58379531
162.296917244	214.957792211	1027.82243408	5428.4380087
2602.11494477	2160.2676732	4229.38720171	183.575074841
7511.59667391	3475.5105651	6772.42204898	3759.34717739	948.695782396	7399.9401808	5141.29833525	5672.84838747	6109.95652035	8222.5174879
6111.13196983	5122.21383963	5691.14463639	4444.42833586
7310.03840555	1620.61295537	6927.85901697	2288.3346054	8525.82080725	2875.07848569	5101.49072526	9015.7762577	2977.15807094	6962.7838621	8807.83652131	2391.89238059	3451.49895017	2538.22812969	6586.1153322	2263.19569908	422.394259858	2732.88772795	3860.60096304	6008.42558688	7392.31957416	5270.97843013	5039.01023038	3673.55984368	6939.3052595	7890.9765383	8213.74752136	7510.06475601	2116.2576277	4686.4657821	6468.56317924	1964.28724939	2586.87817625	7178.23241142	2611.76224404	1383.73966279	1155.05290332	6507.11789883	4013.36249249	4438.76160466	5655.67493203	3164.42858013	6127.76955999
1013.73760284	754.485176288	678.583332712	337.505133678	704.256830335	800.839436125	412.628763296	790.167797917	785.389150037	539.738118018
393.093695042	736.330116808
735.956749312	815.705537063	627.537616319	382.709776221
866.856135112	948.905181803	218.833088329	827.064378536	810.427477014	713.777406576	725.350040825	268.523109336	986.119753309	915.39508127	323.829543478	739.598314652	849.261309297	492.786252565	751.327611929	266.251886635	861.777218689	748.542143985	1034.66289226	531.862984621	370.131542242	754.513159485	1002.25099426	704.84223596	57.690998562	686.54262427	265.477841525	1189.69631969	608.776893256	72.7625210174	655.463595663	334.449402358	699.613685878	1014.18801432	1095.37485995	424.173612758	55.065748171	566.414604906	339.821121693	805.555451227
3463.95442792	6104.10010201	6873.80938684	3754.56391486	1449.81167789	943.018400474	5546.18792514	5763.96988345	6121.64484856	7893.54602772	6766.73022009	5707.48338999	5139.11580397	7384.98138906	8234.59013309	5597.07864712	1189.7250202	429.300547856	7509.21746648	4446.67434384
5032.67277309	1961.6895595	6883.40328877	7890.28184494	6152.5820183	428.219217083	3407.79395538	2676.33530142	7402.8972689	5666.51765526	8237.84529086	6767.83218931	3657.93795151	7242.65027118	4451.33109508	7529.9032821	3932.55503359	5228.54118619	3064.61233599	6082.65045195
2710.78569178	3663.65542188	5588.48995933	4431.4865846	8006.07779095	4445.29032477	5730.20375288	4628.40861436	8303.97618981	952.97452681	710.082613492	3098.20229697	7831.20135246	1448.62864095	8161.56295403	7471.02663896	3430.35175864	3933.3819003	420.963380328	7082.1364285
952.178920654	6129.70824724	7910.87181269	7273.22443302	6917.24361254	1702.74736363	8322.33668922	1235.78713134	6039.67339968	8165.28940375	1464.512056	3443.45770771	3365.65156111	3660.61395061	1087.4152408	415.930909515	6474.1298321	3942.3040196	2665.19337441	835.146756128	3156.06262923	5139.20333596	2938.69874138	4735.97915005	1971.09665806	6171.87042224	5661.67029627	8673.75159356	6696.2812999	4589.2784069	7419.56589725	622.300678174	5300.89084869	3232.4061762	4459.60690309	4992.94973911	3050.47572193	7124.10686749	7523.19713543	4422.04474626
3198.94304063	7891.32825048	8233.04776209	1926.71862737	941.35171496	8630.10177376	3633.40958836	7460.11528951	1184.58140715	1691.99781888	3758.31334806	2650.24586157	1490.0640353	4447.8395746	1996.08712927	3903.27757011	2976.58741267	3456.52620942	1404.90408783	4012.97132457
