//
NA bcd *
P0	A	C	G	T
01	9	18	3	18
02	8	3	1	36
03	45	1	1	1
04	47	0	1	0
05	1	0	16	31
06	1	44	0	3
07	2	26	3	17
08	5	12	18	13
//
//
NA cad *
P0	A	C	G	T
01	0	5	3	5
02	2	0	3	8
03	0	0	0	13
04	1	0	0	12
05	6	2	1	4
06	0	4	3	6
07	3	1	9	0
08	7	3	2	1
09	0	4	0	9
//
//
NA dl *
P0	A	C	G	T
01	2	8	22	6
02	8	4	26	0
03	3	0	34	1
04	33	1	4	0
05	34	2	0	2
06	36	0	1	1
07	24	1	2	11
08	4	12	3	19
09	8	23	2	5
10	8	24	4	2
//
//
NA hb *
P0	A	C	G	T
01	17	13	7	66
02	0	0	3	100
03	1	5	1	96
04	0	1	0	102
05	0	0	0	103
06	1	4	0	98
07	59	7	29	8
08	20	17	14	52
//
//
NA kni *
P0	A	C	G	T
01	1	1	18	0
02	11	1	2	6
03	3	3	5	9
04	0	19	0	1
05	0	5	6	9
06	7	11	1	1
07	8	4	4	4
08	6	2	2	10
09	0	1	1	18
10	1	5	1	13
//
//
NA Kr *
P0	A	C	G	T
01	37	0	4	3
02	33	6	1	4
03	20	11	9	4
04	2	0	40	2
05	4	1	37	2
06	6	3	35	0
07	1	3	4	36
08	8	4	4	28
09	28	6	5	5
10	16	8	5	15
//
//
NA tll *
P0	A	C	G	T
01	25	2	6	4
02	26	3	7	1
03	27	0	8	2
04	8	1	27	1
05	0	1	0	36
06	1	20	1	15
07	28	2	7	0
//
